316,49,1,2048,
316,49,1,2048,
316,49,1,2048,
316,49,1,2048,
316,49,0,2048,
316,49,0,2048,
316,49,1,2048,
316,49,1,2048,
316,49,1,2048,
316,49,1,2048,
316,49,0,2048,
316,49,0,2048,
316,49,1,2048,
316,49,1,2048,
316,49,1,2048,
316,49,1,2048,
316,49,1,2048,
316,49,1,2048,
316,49,1,2048,
316,49,1,2048,
316,49,0,2048,
316,49,1,2048,
316,49,1,2048,
316,49,1,2048,
316,49,0,2048,
316,49,1,2048,
316,49,1,2048,
316,49,1,2048,
316,49,1,2048,
316,49,1,2048,
467,47,1,2048,
467,47,2,2048,
467,47,3,2048,
467,47,1,2048,
467,47,1,2048,
467,47,0,2048,
467,47,1,2048,
467,47,1,2048,
467,47,1,2048,
467,47,0,2048,
467,47,1,2048,
467,47,1,2048,
467,47,1,2048,
467,47,1,2048,
467,47,0,2048,
467,47,1,2048,
467,47,1,2048,
467,47,1,2048,
467,47,1,2048,
467,47,1,2048,
467,47,0,2048,
467,47,1,2048,
467,47,1,2048,
467,47,1,2048,
467,47,1,2048,
467,47,0,2048,
467,47,0,2048,
467,47,1,2048,
467,47,1,2048,
467,47,1,2048,
1102,50,3,3072,
1102,50,3,3072,
1102,50,3,3072,
1102,50,2,3072,
1102,50,2,3072,
1102,50,3,3072,
1102,50,3,3072,
1102,50,3,3072,
1102,50,4,3072,
1102,50,4,3072,
1102,50,3,3072,
1102,50,4,3072,
1102,50,2,3072,
1102,50,3,3072,
1102,50,2,3072,
1102,50,3,3072,
1102,50,5,3072,
1102,50,4,3072,
1102,50,3,3072,
1102,50,4,3072,
1102,50,4,3072,
1102,50,4,3072,
1102,50,3,3072,
1102,50,3,3072,
1102,50,3,3072,
1102,50,3,3072,
1102,50,3,3072,
1102,50,4,3072,
1102,50,3,3072,
1102,50,4,3072,
1244,50,5,3072,
1244,50,4,3072,
1244,50,4,3072,
1244,50,5,3072,
1244,50,5,3072,
1244,50,3,3072,
1244,50,5,3072,
1244,50,5,3072,
1244,50,5,3072,
1244,50,4,3072,
1244,50,4,3072,
1244,50,5,3072,
1244,50,4,3072,
1244,50,5,3072,
1244,50,5,3072,
1244,50,5,3072,
1244,50,4,3072,
1244,50,4,3072,
1244,50,4,3072,
1244,50,5,4096,
1244,50,5,4096,
1244,50,4,4096,
1244,50,4,4096,
1244,50,4,4096,
1244,50,5,4096,
1244,50,3,4096,
1244,50,4,4096,
1244,50,5,4096,
1244,50,5,4096,
1244,50,4,4096,
1661,50,6,4096,
1661,50,4,4096,
1661,50,4,4096,
1661,50,4,4096,
1661,50,6,4096,
1661,50,5,4096,
1661,50,5,4096,
1661,50,5,4096,
1661,50,4,4096,
1661,50,5,4096,
1661,50,5,4096,
1661,50,4,4096,
1661,50,4,4096,
1661,50,5,4096,
1661,50,4,4096,
1661,50,6,4096,
1661,50,4,4096,
1661,50,4,4096,
1661,50,5,4096,
1661,50,4,4096,
1661,50,4,4096,
1661,50,5,4096,
1661,50,5,4096,
1661,50,5,4096,
1661,50,5,4096,
1661,50,5,4096,
1661,50,4,4096,
1661,50,4,4096,
1661,50,4,4096,
1661,50,4,4096,
3061,50,6,15360,
3061,50,7,15360,
3061,50,8,15360,
3061,50,7,15360,
3061,50,8,15360,
3061,50,8,15360,
3061,50,7,15360,
3061,50,9,15360,
3061,50,7,15360,
3061,50,7,15360,
3061,50,8,15360,
3061,50,7,15360,
3061,50,7,15360,
3061,50,7,15360,
3061,50,7,15360,
3061,50,8,15360,
3061,50,8,15360,
3061,50,7,15360,
3061,50,9,15360,
3061,50,7,14336,
3061,50,8,15360,
3061,50,7,15360,
3061,50,7,15360,
3061,50,9,14336,
3061,50,8,15360,
3061,50,7,15360,
3061,50,7,15360,
3061,50,8,14336,
3061,50,8,15360,
3061,50,8,15360,
4074,50,9,26624,
4074,50,10,26624,
4074,50,13,27648,
4074,50,11,26624,
4074,50,12,27648,
4074,50,11,26624,
4074,50,11,26624,
4074,50,14,26624,
4074,50,10,27648,
4074,50,10,26624,
4074,50,13,27648,
4074,50,10,26624,
4074,50,12,27648,
4074,50,14,26624,
4074,50,13,27648,
4074,50,10,26624,
4074,50,12,27648,
4074,50,11,26624,
4074,50,11,27648,
4074,50,10,26624,
4074,50,10,26624,
4074,50,11,26624,
4074,50,14,27648,
4074,50,10,26624,
4074,50,11,26624,
4074,50,10,26624,
4074,50,11,26624,
4074,50,11,26624,
4074,50,10,27648,
4074,50,10,26624,
4820,50,25,26314,
4820,50,26,22225,
4820,50,29,21204,
4820,50,29,21195,
4820,50,25,21212,
4820,50,29,24258,
4820,50,28,21213,
4820,50,26,22235,
4820,50,29,21144,
4820,50,28,21213,
4820,50,28,21207,
4820,50,29,21161,
4820,50,27,21212,
4820,50,28,21275,
4820,50,25,21180,
4820,50,25,21139,
4820,50,27,22236,
4820,50,29,21206,
4820,50,28,22231,
4820,50,25,21207,
4820,50,26,21220,
4820,50,28,21204,
4820,50,29,21208,
4820,50,28,21204,
4820,50,28,21206,
4820,50,30,21194,
4820,50,29,21203,
4820,50,30,21264,
4820,50,29,21213,
4820,50,29,21208,
4916,50,44,144028,
4916,50,45,143856,
4916,50,43,142827,
4916,50,43,143989,
4916,50,43,142983,
4916,50,45,142822,
4916,50,44,144136,
4916,50,43,144013,
4916,50,43,142822,
4916,50,44,142819,
4916,50,43,142966,
4916,50,43,143843,
4916,50,44,144058,
4916,50,44,142843,
4916,50,44,144028,
4916,50,43,142818,
4916,50,43,143842,
4916,50,43,143868,
4916,50,44,143852,
4916,50,53,142810,
4916,50,47,142822,
4916,50,44,142819,
4916,50,44,143851,
4916,50,44,144022,
4916,50,48,142815,
4916,50,44,142969,
4916,50,48,142806,
4916,50,49,143827,
4916,50,43,144082,
4916,50,44,142822,
651,100,1,2048,
651,100,1,2048,
651,100,2,2048,
651,100,1,2048,
651,100,1,2048,
651,100,1,2048,
651,100,1,2048,
651,100,1,2048,
651,100,1,2048,
651,100,1,2048,
651,100,1,2048,
651,100,1,2048,
651,100,2,2048,
651,100,1,2048,
651,100,1,2048,
651,100,1,2048,
651,100,1,2048,
651,100,1,2048,
651,100,1,2048,
651,100,2,2048,
651,100,1,2048,
651,100,1,2048,
651,100,1,2048,
651,100,1,2048,
651,100,2,2048,
651,100,1,2048,
651,100,1,2048,
651,100,1,2048,
651,100,1,2048,
651,100,2,2048,
969,95,2,2048,
969,95,3,2048,
969,95,1,2048,
969,95,2,2048,
969,95,2,2048,
969,95,1,2048,
969,95,2,2048,
969,95,2,2048,
969,95,2,2048,
969,95,2,2048,
969,95,2,2048,
969,95,2,2048,
969,95,1,2048,
969,95,2,2048,
969,95,2,2048,
969,95,2,2048,
969,95,1,2048,
969,95,2,2048,
969,95,2,2048,
969,95,2,2048,
969,95,2,2048,
969,95,1,2048,
969,95,2,2048,
969,95,1,2048,
969,95,2,2048,
969,95,2,2048,
969,95,3,2048,
969,95,2,2048,
969,95,2,2048,
969,95,1,2048,
1859,100,4,3072,
1859,100,6,3072,
1859,100,5,3072,
1859,100,5,3072,
1859,100,5,3072,
1859,100,6,3072,
1859,100,6,3072,
1859,100,5,3072,
1859,100,6,3072,
1859,100,4,3072,
1859,100,5,3072,
1859,100,5,3072,
1859,100,4,3072,
1859,100,5,3072,
1859,100,5,3072,
1859,100,5,3072,
1859,100,5,3072,
1859,100,5,3072,
1859,100,6,3072,
1859,100,5,3072,
1859,100,5,3072,
1859,100,5,3072,
1859,100,6,3072,
1859,100,5,3072,
1859,100,6,3072,
1859,100,5,3072,
1859,100,5,3072,
1859,100,6,3072,
1859,100,6,3072,
1859,100,5,3072,
2330,100,6,4096,
2330,100,6,4096,
2330,100,5,4096,
2330,100,6,4096,
2330,100,6,4096,
2330,100,6,4096,
2330,100,6,4096,
2330,100,6,4096,
2330,100,6,4096,
2330,100,8,4096,
2330,100,7,4096,
2330,100,7,4096,
2330,100,7,4096,
2330,100,6,4096,
2330,100,6,4096,
2330,100,6,4096,
2330,100,6,4096,
2330,100,6,4096,
2330,100,6,4096,
2330,100,6,4096,
2330,100,7,4096,
2330,100,6,4096,
2330,100,5,4096,
2330,100,5,4096,
2330,100,6,4096,
2330,100,7,4096,
2330,100,6,4096,
2330,100,6,4096,
2330,100,7,4096,
2330,100,6,4096,
2617,100,6,4096,
2617,100,7,4096,
2617,100,6,4096,
2617,100,7,4096,
2617,100,6,4096,
2617,100,5,4096,
2617,100,7,4096,
2617,100,7,4096,
2617,100,6,4096,
2617,100,6,4096,
2617,100,7,4096,
2617,100,7,4096,
2617,100,4,4096,
2617,100,6,4096,
2617,100,7,4096,
2617,100,6,4096,
2617,100,7,4096,
2617,100,4,4096,
2617,100,6,4096,
2617,100,6,4096,
2617,100,5,4096,
2617,100,7,4096,
2617,100,7,4096,
2617,100,7,4096,
2617,100,6,4096,
2617,100,7,4096,
2617,100,7,4096,
2617,100,7,4096,
2617,100,5,4096,
2617,100,6,4096,
4493,100,10,16384,
4493,100,13,16384,
4493,100,11,16384,
4493,100,12,16384,
4493,100,14,15360,
4493,100,10,16384,
4493,100,11,15360,
4493,100,11,16384,
4493,100,11,15360,
4493,100,12,16384,
4493,100,15,16384,
4493,100,14,16384,
4493,100,11,16384,
4493,100,10,16384,
4493,100,15,16384,
4493,100,14,15360,
4493,100,14,16384,
4493,100,14,16384,
4493,100,11,16384,
4493,100,11,16384,
4493,100,10,16384,
4493,100,12,16384,
4493,100,12,16384,
4493,100,12,16384,
4493,100,12,15360,
4493,100,14,16384,
4493,100,11,16384,
4493,100,13,16384,
4493,100,11,16384,
4493,100,15,15360,
6105,100,17,28672,
6105,100,18,29696,
6105,100,21,28672,
6105,100,26,28672,
6105,100,20,28672,
6105,100,16,28672,
6105,100,19,28672,
6105,100,17,29696,
6105,100,17,28672,
6105,100,16,28672,
6105,100,26,28672,
6105,100,17,28672,
6105,100,16,28672,
6105,100,16,28672,
6105,100,17,28672,
6105,100,18,29696,
6105,100,15,28672,
6105,100,16,29696,
6105,100,16,28672,
6105,100,20,28672,
6105,100,15,28672,
6105,100,20,28672,
6105,100,16,28672,
6105,100,17,28672,
6105,100,17,29696,
6105,100,16,28672,
6105,100,17,28672,
6105,100,17,28672,
6105,100,17,29696,
6105,100,17,29696,
8826,100,38,35515,
8826,100,36,31446,
8826,100,37,31442,
8826,100,37,31445,
8826,100,38,31439,
8826,100,36,31430,
8826,100,38,31445,
8826,100,37,31446,
8826,100,38,31468,
8826,100,37,31450,
8826,100,35,31422,
8826,100,36,31441,
8826,100,36,31416,
8826,100,36,38603,
8826,100,36,31448,
8826,100,36,31445,
8826,100,37,35559,
8826,100,37,31451,
8826,100,36,31450,
8826,100,37,31437,
8826,100,37,35542,
8826,100,37,31439,
8826,100,36,31405,
8826,100,37,31420,
8826,100,37,31442,
8826,100,37,31460,
8826,100,38,31442,
8826,100,38,35551,
8826,100,37,31438,
8826,100,37,31430,
9546,100,68,177738,
9546,100,68,163283,
9546,100,68,163417,
9546,100,66,162430,
9546,100,68,163449,
9546,100,67,163437,
9546,100,70,162430,
9546,100,66,162259,
9546,100,67,163391,
9546,100,70,163298,
9546,100,67,174617,
9546,100,67,163234,
9546,100,68,163307,
9546,100,68,163302,
9546,100,69,163303,
9546,100,69,163471,
9546,100,67,163311,
9546,100,68,174719,
9546,100,67,163294,
9546,100,67,163703,
9546,100,66,162330,
9546,100,69,163303,
9546,100,68,163405,
9546,100,68,163250,
9546,100,69,163286,
9546,100,68,162234,
9546,100,67,162279,
9546,100,69,177789,
9546,100,69,163254,
9546,100,68,162274,
1104,497,4,2048,
1104,497,4,2048,
1104,497,5,2048,
1104,497,4,2048,
1104,497,4,2048,
1104,497,5,2048,
1104,497,5,2048,
1104,497,4,2048,
1104,497,5,2048,
1104,497,4,2048,
1104,497,4,2048,
1104,497,6,2048,
1104,497,4,2048,
1104,497,5,2048,
1104,497,4,2048,
1104,497,5,2048,
1104,497,4,2048,
1104,497,4,2048,
1104,497,4,2048,
1104,497,5,2048,
1104,497,5,2048,
1104,497,4,2048,
1104,497,5,2048,
1104,497,5,2048,
1104,497,4,2048,
1104,497,4,2048,
1104,497,5,2048,
1104,497,4,2048,
1104,497,6,2048,
1104,497,5,2048,
1625,498,4,2048,
1625,498,5,2048,
1625,498,6,2048,
1625,498,5,2048,
1625,498,6,2048,
1625,498,4,2048,
1625,498,5,2048,
1625,498,4,2048,
1625,498,5,2048,
1625,498,5,2048,
1625,498,4,2048,
1625,498,4,2048,
1625,498,4,2048,
1625,498,5,2048,
1625,498,5,2048,
1625,498,5,2048,
1625,498,4,2048,
1625,498,4,2048,
1625,498,5,2048,
1625,498,4,2048,
1625,498,5,2048,
1625,498,5,2048,
1625,498,6,2048,
1625,498,6,2048,
1625,498,4,2048,
1625,498,5,2048,
1625,498,5,2048,
1625,498,6,2048,
1625,498,6,2048,
1625,498,4,2048,
4382,500,8,4096,
4382,500,9,4096,
4382,500,10,4096,
4382,500,8,4096,
4382,500,8,4096,
4382,500,8,4096,
4382,500,7,4096,
4382,500,8,4096,
4382,500,8,4096,
4382,500,10,4096,
4382,500,9,4096,
4382,500,9,4096,
4382,500,10,4096,
4382,500,7,4096,
4382,500,8,4096,
4382,500,8,4096,
4382,500,9,4096,
4382,500,8,4096,
4382,500,9,4096,
4382,500,6,4096,
4382,500,8,4096,
4382,500,10,4096,
4382,500,8,4096,
4382,500,9,4096,
4382,500,8,4096,
4382,500,9,4096,
4382,500,8,4096,
4382,500,7,4096,
4382,500,10,4096,
4382,500,8,4096,
5247,500,8,5120,
5247,500,10,5120,
5247,500,11,5120,
5247,500,12,5120,
5247,500,10,5120,
5247,500,11,5120,
5247,500,9,5120,
5247,500,9,5120,
5247,500,10,5120,
5247,500,10,5120,
5247,500,10,5120,
5247,500,10,5120,
5247,500,10,5120,
5247,500,10,5120,
5247,500,10,5120,
5247,500,10,5120,
5247,500,10,5120,
5247,500,10,5120,
5247,500,9,5120,
5247,500,9,5120,
5247,500,11,5120,
5247,500,10,5120,
5247,500,10,5120,
5247,500,14,5120,
5247,500,12,5120,
5247,500,11,5120,
5247,500,11,5120,
5247,500,12,5120,
5247,500,12,5120,
5247,500,10,5120,
6031,500,16,6144,
6031,500,12,6144,
6031,500,10,6144,
6031,500,12,6144,
6031,500,15,6144,
6031,500,12,6144,
6031,500,12,6144,
6031,500,12,6144,
6031,500,12,6144,
6031,500,12,6144,
6031,500,12,6144,
6031,500,14,6144,
6031,500,12,6144,
6031,500,15,6144,
6031,500,12,6144,
6031,500,12,6144,
6031,500,14,6144,
6031,500,13,6144,
6031,500,11,6144,
6031,500,11,6144,
6031,500,17,6144,
6031,500,11,6144,
6031,500,11,6144,
6031,500,11,6144,
6031,500,12,6144,
6031,500,16,6144,
6031,500,15,6144,
6031,500,16,6144,
6031,500,15,6144,
6031,500,13,6144,
12052,500,39,23552,
12052,500,37,23552,
12052,500,32,23552,
12052,500,30,23552,
12052,500,37,23552,
12052,500,33,23552,
12052,500,32,23552,
12052,500,35,23552,
12052,500,36,23552,
12052,500,36,23552,
12052,500,35,23552,
12052,500,36,23552,
12052,500,38,23552,
12052,500,36,23552,
12052,500,34,23552,
12052,500,36,23552,
12052,500,39,23552,
12052,500,37,23552,
12052,500,31,23552,
12052,500,41,23552,
12052,500,39,23552,
12052,500,36,23552,
12052,500,33,23552,
12052,500,30,23552,
12052,500,44,23552,
12052,500,31,23552,
12052,500,33,23552,
12052,500,36,23552,
12052,500,36,23552,
12052,500,35,23552,
15794,500,44,45056,
15794,500,44,45056,
15794,500,43,45056,
15794,500,44,45056,
15794,500,42,45056,
15794,500,43,45056,
15794,500,45,45056,
15794,500,44,45056,
15794,500,45,45056,
15794,500,50,44032,
15794,500,48,45056,
15794,500,48,45056,
15794,500,46,45056,
15794,500,45,45056,
15794,500,43,45056,
15794,500,43,45056,
15794,500,44,45056,
15794,500,45,45056,
15794,500,43,45056,
15794,500,44,45056,
15794,500,47,45056,
15794,500,46,45056,
15794,500,45,45056,
15794,500,43,45056,
15794,500,44,45056,
15794,500,43,45056,
15794,500,41,45056,
15794,500,44,45056,
15794,500,43,45056,
15794,500,41,44032,
29917,500,117,109260,
29917,500,115,110294,
29917,500,116,110230,
29917,500,116,110267,
29917,500,116,110287,
29917,500,115,109240,
29917,500,115,110293,
29917,500,115,110291,
29917,500,117,109274,
29917,500,115,110254,
29917,500,116,109264,
29917,500,115,110291,
29917,500,117,109236,
29917,500,114,110297,
29917,500,116,109265,
29917,500,117,109246,
29917,500,115,110226,
29917,500,116,110294,
29917,500,115,110300,
29917,500,115,110302,
29917,500,117,110278,
29917,500,115,109260,
29917,500,119,110291,
29917,500,116,110289,
29917,500,116,110294,
29917,500,115,110294,
29917,500,115,109272,
29917,500,114,110288,
29917,500,122,109272,
29917,500,115,110289,
37129,500,278,319970,
37129,500,270,320119,
37129,500,270,320118,
37129,500,272,335326,
37129,500,271,320215,
37129,500,272,321192,
37129,500,271,319970,
37129,500,274,319970,
37129,500,271,320140,
37129,500,270,319974,
37129,500,273,319966,
37129,500,272,319938,
37129,500,272,331230,
37129,500,269,320166,
37129,500,273,319974,
37129,500,271,320146,
37129,500,280,320142,
37129,500,272,319962,
37129,500,274,319970,
37129,500,277,320004,
37129,500,273,319974,
37129,500,271,319946,
37129,500,272,319974,
37129,500,273,320161,
37129,500,271,320146,
37129,500,271,320132,
37129,500,271,319975,
37129,500,273,331194,
37129,500,271,320130,
37129,500,270,320041,
1743,1000,4,2048,
1743,1000,5,2048,
1743,1000,5,2048,
1743,1000,4,2048,
1743,1000,5,2048,
1743,1000,5,2048,
1743,1000,4,2048,
1743,1000,4,2048,
1743,1000,5,2048,
1743,1000,4,2048,
1743,1000,5,2048,
1743,1000,5,2048,
1743,1000,4,2048,
1743,1000,5,2048,
1743,1000,5,2048,
1743,1000,5,2048,
1743,1000,5,2048,
1743,1000,5,2048,
1743,1000,4,2048,
1743,1000,4,2048,
1743,1000,5,2048,
1743,1000,4,2048,
1743,1000,5,2048,
1743,1000,5,2048,
1743,1000,5,2048,
1743,1000,4,2048,
1743,1000,5,2048,
1743,1000,5,2048,
1743,1000,6,2048,
1743,1000,8,2048,
2639,1000,5,2048,
2639,1000,5,2048,
2639,1000,5,2048,
2639,1000,5,2048,
2639,1000,5,2048,
2639,1000,5,2048,
2639,1000,5,2048,
2639,1000,5,2048,
2639,1000,5,2048,
2639,1000,6,2048,
2639,1000,5,2048,
2639,1000,5,2048,
2639,1000,6,2048,
2639,1000,7,2048,
2639,1000,5,2048,
2639,1000,4,2048,
2639,1000,5,2048,
2639,1000,5,2048,
2639,1000,6,2048,
2639,1000,5,2048,
2639,1000,5,2048,
2639,1000,5,2048,
2639,1000,6,2048,
2639,1000,5,2048,
2639,1000,4,2048,
2639,1000,4,2048,
2639,1000,5,2048,
2639,1000,5,2048,
2639,1000,5,2048,
2639,1000,6,2048,
5896,1000,10,5120,
5896,1000,11,5120,
5896,1000,11,5120,
5896,1000,11,5120,
5896,1000,11,5120,
5896,1000,11,5120,
5896,1000,11,5120,
5896,1000,11,5120,
5896,1000,11,5120,
5896,1000,12,5120,
5896,1000,12,5120,
5896,1000,13,5120,
5896,1000,14,5120,
5896,1000,15,5120,
5896,1000,16,5120,
5896,1000,12,5120,
5896,1000,12,5120,
5896,1000,14,5120,
5896,1000,13,5120,
5896,1000,12,5120,
5896,1000,14,5120,
5896,1000,12,5120,
5896,1000,11,5120,
5896,1000,11,5120,
5896,1000,12,5120,
5896,1000,12,5120,
5896,1000,10,5120,
5896,1000,12,5120,
5896,1000,11,5120,
5896,1000,11,5120,
7217,1000,15,6144,
7217,1000,16,6144,
7217,1000,21,6144,
7217,1000,16,6144,
7217,1000,16,6144,
7217,1000,14,6144,
7217,1000,16,6144,
7217,1000,16,6144,
7217,1000,21,6144,
7217,1000,15,6144,
7217,1000,16,6144,
7217,1000,15,6144,
7217,1000,16,6144,
7217,1000,15,6144,
7217,1000,20,6144,
7217,1000,18,6144,
7217,1000,16,6144,
7217,1000,15,6144,
7217,1000,15,6144,
7217,1000,14,6144,
7217,1000,15,6144,
7217,1000,17,6144,
7217,1000,15,6144,
7217,1000,18,6144,
7217,1000,22,6144,
7217,1000,19,6144,
7217,1000,17,6144,
7217,1000,18,6144,
7217,1000,15,6144,
7217,1000,16,6144,
8178,1000,26,8192,
8178,1000,18,8192,
8178,1000,19,8192,
8178,1000,21,8192,
8178,1000,19,8192,
8178,1000,18,8192,
8178,1000,17,8192,
8178,1000,18,8192,
8178,1000,19,8192,
8178,1000,21,8192,
8178,1000,19,8192,
8178,1000,19,8192,
8178,1000,19,8192,
8178,1000,22,8192,
8178,1000,18,8192,
8178,1000,19,8192,
8178,1000,22,8192,
8178,1000,18,8192,
8178,1000,19,8192,
8178,1000,22,8192,
8178,1000,18,8192,
8178,1000,18,8192,
8178,1000,20,8192,
8178,1000,18,8192,
8178,1000,23,8192,
8178,1000,18,8192,
8178,1000,19,8192,
8178,1000,19,8192,
8178,1000,23,8192,
8178,1000,19,8192,
16259,1000,48,33792,
16259,1000,49,33792,
16259,1000,52,33792,
16259,1000,46,33792,
16259,1000,48,33792,
16259,1000,43,33792,
16259,1000,45,33792,
16259,1000,53,33792,
16259,1000,46,33792,
16259,1000,44,33792,
16259,1000,45,33792,
16259,1000,45,33792,
16259,1000,47,33792,
16259,1000,45,33792,
16259,1000,46,33792,
16259,1000,45,33792,
16259,1000,44,33792,
16259,1000,49,33792,
16259,1000,43,33792,
16259,1000,45,33792,
16259,1000,50,33792,
16259,1000,47,33792,
16259,1000,49,33792,
16259,1000,51,33792,
16259,1000,43,33792,
16259,1000,52,33792,
16259,1000,44,33792,
16259,1000,45,33792,
16259,1000,50,33792,
16259,1000,48,33792,
22977,1000,74,64512,
22977,1000,69,64512,
22977,1000,73,65536,
22977,1000,71,64512,
22977,1000,67,64512,
22977,1000,68,64512,
22977,1000,67,64512,
22977,1000,69,64512,
22977,1000,68,64512,
22977,1000,66,64512,
22977,1000,67,64512,
22977,1000,67,63488,
22977,1000,69,64512,
22977,1000,67,64512,
22977,1000,66,64512,
22977,1000,67,64512,
22977,1000,70,64512,
22977,1000,66,64512,
22977,1000,68,64512,
22977,1000,68,64512,
22977,1000,66,64512,
22977,1000,68,64512,
22977,1000,65,64512,
22977,1000,66,64512,
22977,1000,67,64512,
22977,1000,66,64512,
22977,1000,68,64512,
22977,1000,66,64512,
22977,1000,69,64512,
22977,1000,67,64512,
45973,1000,238,207507,
45973,1000,230,207577,
45973,1000,233,207573,
45973,1000,232,207585,
45973,1000,230,207505,
45973,1000,229,211600,
45973,1000,227,207579,
45973,1000,228,207533,
45973,1000,234,207579,
45973,1000,228,207543,
45973,1000,228,207567,
45973,1000,230,212712,
45973,1000,232,207580,
45973,1000,228,208589,
45973,1000,230,208594,
45973,1000,229,207565,
45973,1000,233,207575,
45973,1000,229,207570,
45973,1000,229,207586,
45973,1000,227,208604,
45973,1000,229,207605,
45973,1000,233,207583,
45973,1000,231,207575,
45973,1000,227,207566,
45973,1000,228,207566,
45973,1000,228,207574,
45973,1000,227,207567,
45973,1000,227,207564,
45973,1000,228,207584,
45973,1000,227,207584,
60197,1000,518,515550,
60197,1000,494,515767,
60197,1000,501,515559,
60197,1000,497,515564,
60197,1000,495,515563,
60197,1000,493,515554,
60197,1000,498,515558,
60197,1000,499,515550,
60197,1000,499,515559,
60197,1000,493,515578,
60197,1000,495,515550,
60197,1000,493,515546,
60197,1000,494,515714,
60197,1000,496,515717,
60197,1000,496,515755,
60197,1000,493,515752,
60197,1000,496,515554,
60197,1000,500,515554,
60197,1000,494,515713,
60197,1000,498,515770,
60197,1000,496,515560,
60197,1000,496,515559,
60197,1000,491,515704,
60197,1000,497,515559,
60197,1000,494,515557,
60197,1000,492,515733,
60197,1000,493,515570,
60197,1000,498,515546,
60197,1000,501,515546,
60197,1000,496,515712,
2367,2497,5,3072,
2367,2497,6,3072,
2367,2497,5,3072,
2367,2497,6,3072,
2367,2497,6,3072,
2367,2497,6,3072,
2367,2497,5,3072,
2367,2497,6,3072,
2367,2497,6,3072,
2367,2497,6,3072,
2367,2497,6,3072,
2367,2497,6,3072,
2367,2497,7,3072,
2367,2497,6,3072,
2367,2497,5,3072,
2367,2497,6,3072,
2367,2497,6,3072,
2367,2497,6,3072,
2367,2497,6,3072,
2367,2497,5,3072,
2367,2497,6,3072,
2367,2497,6,3072,
2367,2497,5,3072,
2367,2497,5,3072,
2367,2497,6,3072,
2367,2497,5,3072,
2367,2497,6,3072,
2367,2497,6,3072,
2367,2497,6,3072,
2367,2497,7,3072,
5090,4993,10,4096,
5090,4993,10,4096,
5090,4993,9,4096,
5090,4993,10,4096,
5090,4993,10,4096,
5090,4993,9,4096,
5090,4993,9,4096,
5090,4993,10,4096,
5090,4993,10,4096,
5090,4993,9,4096,
5090,4993,9,4096,
5090,4993,11,4096,
5090,4993,10,4096,
5090,4993,10,4096,
5090,4993,10,4096,
5090,4993,10,4096,
5090,4993,10,4096,
5090,4993,9,4096,
5090,4993,10,4096,
5090,4993,12,4096,
5090,4993,10,4096,
5090,4993,11,4096,
5090,4993,10,4096,
5090,4993,12,4096,
5090,4993,15,4096,
5090,4993,10,4096,
5090,4993,10,4096,
5090,4993,10,4096,
5090,4993,10,4096,
5090,4993,10,4096,
12750,5000,33,11264,
12750,5000,30,11264,
12750,5000,30,11264,
12750,5000,29,11264,
12750,5000,33,11264,
12750,5000,31,11264,
12750,5000,30,11264,
12750,5000,31,11264,
12750,5000,31,11264,
12750,5000,29,11264,
12750,5000,29,11264,
12750,5000,30,11264,
12750,5000,32,11264,
12750,5000,31,11264,
12750,5000,32,11264,
12750,5000,30,11264,
12750,5000,35,11264,
12750,5000,30,11264,
12750,5000,34,11264,
12750,5000,33,11264,
12750,5000,36,11264,
12750,5000,34,11264,
12750,5000,30,11264,
12750,5000,30,11264,
12750,5000,30,11264,
12750,5000,27,11264,
12750,5000,31,11264,
12750,5000,28,11264,
12750,5000,29,11264,
12750,5000,31,11264,
15357,5000,40,18432,
15357,5000,38,18432,
15357,5000,38,18432,
15357,5000,38,18432,
15357,5000,41,18432,
15357,5000,37,18432,
15357,5000,39,18432,
15357,5000,39,18432,
15357,5000,38,18432,
15357,5000,42,18432,
15357,5000,43,18432,
15357,5000,35,18432,
15357,5000,42,18432,
15357,5000,37,18432,
15357,5000,38,18432,
15357,5000,35,18432,
15357,5000,42,18432,
15357,5000,40,18432,
15357,5000,39,18432,
15357,5000,35,18432,
15357,5000,37,18432,
15357,5000,38,18432,
15357,5000,37,18432,
15357,5000,36,18432,
15357,5000,36,18432,
15357,5000,42,18432,
15357,5000,43,18432,
15357,5000,40,18432,
15357,5000,39,18432,
15357,5000,47,18432,
17903,5000,43,22528,
17903,5000,45,22528,
17903,5000,44,22528,
17903,5000,43,22528,
17903,5000,46,22528,
17903,5000,43,22528,
17903,5000,41,22528,
17903,5000,44,22528,
17903,5000,40,22528,
17903,5000,45,22528,
17903,5000,44,22528,
17903,5000,42,22528,
17903,5000,46,22528,
17903,5000,41,22528,
17903,5000,46,22528,
17903,5000,42,22528,
17903,5000,43,22528,
17903,5000,42,22528,
17903,5000,42,22528,
17903,5000,44,22528,
17903,5000,41,22528,
17903,5000,41,22528,
17903,5000,42,22528,
17903,5000,41,22528,
17903,5000,43,22528,
17903,5000,41,22528,
17903,5000,42,22528,
17903,5000,47,22528,
17903,5000,47,22528,
17903,5000,50,22528,
38642,5000,153,99465,
38642,5000,155,99426,
38642,5000,158,99406,
38642,5000,154,99387,
38642,5000,153,99719,
38642,5000,153,99348,
38642,5000,156,99778,
38642,5000,155,99348,
38642,5000,153,99504,
38642,5000,151,99387,
38642,5000,156,99465,
38642,5000,155,99387,
38642,5000,158,99484,
38642,5000,153,99387,
38642,5000,154,99387,
38642,5000,155,99348,
38642,5000,153,99321,
38642,5000,153,99387,
38642,5000,153,99387,
38642,5000,153,99406,
38642,5000,151,99367,
38642,5000,151,99348,
38642,5000,150,99504,
38642,5000,154,99367,
38642,5000,155,99719,
38642,5000,155,99680,
38642,5000,153,99406,
38642,5000,154,99367,
38642,5000,153,99321,
38642,5000,158,99817,
55162,5000,250,198121,
55162,5000,252,197605,
55162,5000,251,198160,
55162,5000,251,198180,
55162,5000,249,197788,
55162,5000,251,197964,
55162,5000,252,198062,
55162,5000,251,197925,
55162,5000,250,198023,
55162,5000,251,197828,
55162,5000,249,198082,
55162,5000,251,197886,
55162,5000,249,197788,
55162,5000,250,197925,
55162,5000,251,197925,
55162,5000,250,198062,
55162,5000,253,197906,
55162,5000,248,198062,
55162,5000,248,197788,
55162,5000,257,198238,
55162,5000,254,198023,
55162,5000,250,198023,
55162,5000,253,198180,
55162,5000,251,198629,
55162,5000,254,198199,
55162,5000,252,197847,
55162,5000,256,198043,
55162,5000,255,197906,
55162,5000,255,198101,
55162,5000,258,198492,
118033,5000,1105,995077,
118033,5000,1110,994017,
118033,5000,1102,994000,
118033,5000,1100,995024,
118033,5000,1103,994000,
118033,5000,1101,995039,
118033,5000,1106,993999,
118033,5000,1103,995038,
118033,5000,1100,994007,
118033,5000,1104,995031,
118033,5000,1107,998123,
118033,5000,1101,994065,
118033,5000,1101,995031,
118033,5000,1101,994000,
118033,5000,1097,995097,
118033,5000,1100,996055,
118033,5000,1096,994010,
118033,5000,1104,995033,
118033,5000,1101,995031,
118033,5000,1099,994007,
118033,5000,1102,999117,
118033,5000,1101,996065,
118033,5000,1102,995028,
118033,5000,1099,995019,
118033,5000,1103,995030,
118033,5000,1097,994999,
118033,5000,1098,996062,
118033,5000,1100,996116,
118033,5000,1099,994029,
118033,5000,1102,998076,
160200,5000,2563,1972119,
160200,5000,2437,1972928,
160200,5000,2434,1972021,
160200,5000,2414,1972948,
160200,5000,2434,1971806,
160200,5000,2446,1972674,
160200,5000,2424,1972361,
160200,5000,2420,1972517,
160200,5000,2417,1972439,
160200,5000,2406,1972197,
160200,5000,2449,1972674,
160200,5000,2414,1972556,
160200,5000,2426,1972498,
160200,5000,2432,1972380,
160200,5000,2427,1973045,
160200,5000,2409,1972654,
160200,5000,2419,1972928,
160200,5000,2427,1971904,
160200,5000,2444,1972178,
160200,5000,2444,1971924,
160200,5000,2409,1972596,
160200,5000,2430,1972400,
160200,5000,2488,1972119,
160200,5000,2461,1972244,
160200,5000,2730,1973346,
160200,5000,2417,1972002,
160200,5000,2426,1972908,
160200,5000,2415,1972080,
160200,5000,2439,1972139,
160200,5000,2418,1972302,
2597,2570,8,3072,
2597,2570,9,3072,
2597,2570,9,3072,
2597,2570,10,3072,
2597,2570,9,3072,
2597,2570,9,3072,
2597,2570,9,3072,
2597,2570,9,3072,
2597,2570,8,3072,
2597,2570,9,3072,
2597,2570,9,3072,
2597,2570,9,3072,
2597,2570,8,3072,
2597,2570,8,3072,
2597,2570,9,3072,
2597,2570,9,3072,
2597,2570,8,3072,
2597,2570,9,3072,
2597,2570,9,3072,
2597,2570,8,3072,
2597,2570,9,3072,
2597,2570,8,3072,
2597,2570,9,3072,
2597,2570,8,3072,
2597,2570,8,3072,
2597,2570,8,3072,
2597,2570,8,3072,
2597,2570,9,3072,
2597,2570,9,3072,
2597,2570,9,3072,
4986,5382,15,5120,
4986,5382,15,5120,
4986,5382,16,5120,
4986,5382,15,5120,
4986,5382,14,5120,
4986,5382,15,5120,
4986,5382,15,5120,
4986,5382,15,5120,
4986,5382,15,5120,
4986,5382,16,5120,
4986,5382,15,5120,
4986,5382,16,5120,
4986,5382,16,5120,
4986,5382,15,5120,
4986,5382,15,5120,
4986,5382,15,5120,
4986,5382,17,5120,
4986,5382,15,5120,
4986,5382,18,5120,
4986,5382,15,5120,
4986,5382,15,5120,
4986,5382,15,5120,
4986,5382,15,5120,
4986,5382,15,5120,
4986,5382,15,5120,
4986,5382,16,5120,
4986,5382,15,5120,
4986,5382,16,5120,
4986,5382,15,5120,
4986,5382,15,5120,
18149,10000,43,22528,
18149,10000,45,22528,
18149,10000,42,22528,
18149,10000,42,22528,
18149,10000,45,22528,
18149,10000,43,22528,
18149,10000,42,22528,
18149,10000,43,22528,
18149,10000,48,22528,
18149,10000,45,22528,
18149,10000,45,22528,
18149,10000,45,22528,
18149,10000,42,22528,
18149,10000,48,22528,
18149,10000,45,22528,
18149,10000,42,22528,
18149,10000,44,22528,
18149,10000,43,22528,
18149,10000,42,22528,
18149,10000,46,22528,
18149,10000,42,22528,
18149,10000,44,22528,
18149,10000,44,22528,
18149,10000,45,22528,
18149,10000,46,22528,
18149,10000,50,22528,
18149,10000,51,22528,
18149,10000,49,22528,
18149,10000,44,22528,
18149,10000,44,22528,
22588,10000,60,32768,
22588,10000,55,32768,
22588,10000,57,32768,
22588,10000,60,32768,
22588,10000,55,32768,
22588,10000,59,32768,
22588,10000,56,32768,
22588,10000,55,32768,
22588,10000,53,32768,
22588,10000,56,32768,
22588,10000,55,32768,
22588,10000,58,32768,
22588,10000,57,32768,
22588,10000,54,32768,
22588,10000,56,32768,
22588,10000,55,32768,
22588,10000,55,32768,
22588,10000,54,32768,
22588,10000,59,32768,
22588,10000,54,32768,
22588,10000,54,32768,
22588,10000,56,32768,
22588,10000,58,32768,
22588,10000,54,32768,
22588,10000,59,32768,
22588,10000,53,32768,
22588,10000,57,32768,
22588,10000,54,32768,
22588,10000,53,32768,
22588,10000,54,32768,
25900,10000,66,43008,
25900,10000,64,43008,
25900,10000,69,43008,
25900,10000,65,43008,
25900,10000,75,43008,
25900,10000,68,43008,
25900,10000,64,43008,
25900,10000,65,43008,
25900,10000,67,43008,
25900,10000,70,43008,
25900,10000,67,43008,
25900,10000,65,43008,
25900,10000,64,43008,
25900,10000,65,43008,
25900,10000,66,43008,
25900,10000,66,43008,
25900,10000,67,43008,
25900,10000,65,43008,
25900,10000,65,43008,
25900,10000,68,43008,
25900,10000,66,43008,
25900,10000,66,43008,
25900,10000,65,43008,
25900,10000,64,43008,
25900,10000,64,43008,
25900,10000,65,43008,
25900,10000,67,43008,
25900,10000,66,43008,
25900,10000,66,43008,
25900,10000,64,43008,
57029,10000,259,198101,
57029,10000,258,197749,
57029,10000,255,197906,
57029,10000,257,197710,
57029,10000,257,197710,
57029,10000,258,197710,
57029,10000,255,197749,
57029,10000,254,197749,
57029,10000,256,197710,
57029,10000,263,197749,
57029,10000,254,197671,
57029,10000,256,197710,
57029,10000,258,198101,
57029,10000,256,197867,
57029,10000,255,197710,
57029,10000,255,197710,
57029,10000,255,197710,
57029,10000,265,197710,
57029,10000,256,197749,
57029,10000,258,197749,
57029,10000,255,197710,
57029,10000,257,197671,
57029,10000,254,198296,
57029,10000,260,197788,
57029,10000,256,197710,
57029,10000,259,197945,
57029,10000,252,197867,
57029,10000,256,197671,
57029,10000,258,197671,
57029,10000,259,197749,
81193,10000,453,395100,
81193,10000,452,394748,
81193,10000,450,395022,
81193,10000,450,395694,
81193,10000,449,394787,
81193,10000,451,395061,
81193,10000,451,394787,
81193,10000,451,395022,
81193,10000,455,395061,
81193,10000,449,395538,
81193,10000,449,394826,
81193,10000,447,395217,
81193,10000,448,395022,
81193,10000,453,394904,
81193,10000,449,394983,
81193,10000,450,395772,
81193,10000,449,395694,
81193,10000,451,394826,
81193,10000,449,395499,
81193,10000,449,395694,
81193,10000,457,395694,
81193,10000,454,395499,
81193,10000,453,395655,
81193,10000,449,395022,
81193,10000,449,394983,
81193,10000,450,395733,
81193,10000,450,395655,
81193,10000,448,394787,
81193,10000,452,395655,
81193,10000,454,394748,
171520,10000,2544,1971278,
171520,10000,2446,1971982,
171520,10000,2432,1971747,
171520,10000,2423,1972419,
171520,10000,2470,1972060,
171520,10000,2429,1971552,
171520,10000,2416,1971474,
171520,10000,2446,1971552,
171520,10000,2424,1971708,
171520,10000,2427,1971747,
171520,10000,2422,1971278,
171520,10000,2432,1971591,
171520,10000,2430,1971669,
171520,10000,2424,1971747,
171520,10000,2448,1971591,
171520,10000,2435,1971943,
171520,10000,2441,1971747,
171520,10000,2421,1971435,
171520,10000,2414,1971591,
171520,10000,2436,1971669,
171520,10000,2431,1971825,
171520,10000,2425,1972099,
171520,10000,2439,1971786,
171520,10000,2427,1971943,
171520,10000,2427,1971864,
171520,10000,2428,1971474,
171520,10000,2441,1971552,
171520,10000,2432,1971591,
171520,10000,2463,1971435,
171520,10000,2456,1971747,
238999,10000,4648,3943260,
238999,10000,4571,3943260,
238999,10000,4601,3942392,
238999,10000,4559,3942556,
238999,10000,4581,3942713,
238999,10000,4635,3942197,
238999,10000,4583,3943893,
238999,10000,4554,3942986,
238999,10000,4570,3942158,
238999,10000,4584,3942392,
238999,10000,4572,3943143,
238999,10000,4596,3943221,
238999,10000,4587,3942517,
238999,10000,4555,3943182,
238999,10000,4627,3942635,
238999,10000,4610,3942986,
238999,10000,4550,3943338,
238999,10000,4617,3943338,
238999,10000,4621,3942197,
238999,10000,4618,3942908,
238999,10000,4607,3943299,
238999,10000,4555,3942392,
238999,10000,4646,3941611,
238999,10000,4614,3943299,
238999,10000,4603,3942947,
238999,10000,4588,3942947,
238999,10000,4571,3943182,
238999,10000,4690,3943377,
238999,10000,4563,3943104,
238999,10000,4606,3943182,
2377,2267,46,11264,
2377,2267,49,11264,
2377,2267,50,11264,
2377,2267,44,11264,
2377,2267,36,11264,
2377,2267,47,11264,
2377,2267,53,11264,
2377,2267,46,11264,
2377,2267,55,11264,
2377,2267,53,11264,
2377,2267,50,11264,
2377,2267,57,11264,
2377,2267,46,11264,
2377,2267,31,11264,
2377,2267,45,11264,
2377,2267,57,11264,
2377,2267,32,11264,
2377,2267,52,11264,
2377,2267,43,11264,
2377,2267,47,11264,
2377,2267,31,11264,
2377,2267,47,11264,
2377,2267,48,11264,
2377,2267,52,11264,
2377,2267,53,11264,
2377,2267,47,11264,
2377,2267,47,11264,
2377,2267,47,11264,
2377,2267,47,11264,
2377,2267,47,11264,
4976,5138,57,21504,
4976,5138,52,21504,
4976,5138,57,21504,
4976,5138,58,21504,
4976,5138,57,21504,
4976,5138,58,21504,
4976,5138,59,21504,
4976,5138,43,21504,
4976,5138,59,21504,
4976,5138,60,21504,
4976,5138,58,21504,
4976,5138,58,21504,
4976,5138,57,21504,
4976,5138,60,21504,
4976,5138,58,21504,
4976,5138,59,21504,
4976,5138,52,21504,
4976,5138,57,21504,
4976,5138,57,21504,
4976,5138,42,21504,
4976,5138,43,21504,
4976,5138,58,21504,
4976,5138,44,21504,
4976,5138,59,21504,
4976,5138,57,21504,
4976,5138,59,21504,
4976,5138,59,21504,
4976,5138,57,21504,
4976,5138,43,21504,
4976,5138,64,21504,
24587,24612,165,102353,
24587,24612,166,102157,
24587,24612,166,102157,
24587,24612,166,101962,
24587,24612,165,101767,
24587,24612,149,101767,
24587,24612,149,101767,
24587,24612,167,101767,
24587,24612,164,101767,
24587,24612,151,101767,
24587,24612,166,102353,
24587,24612,166,102157,
24587,24612,164,101962,
24587,24612,169,102157,
24587,24612,167,101962,
24587,24612,150,101962,
24587,24612,165,102353,
24587,24612,166,101767,
24587,24612,168,101962,
24587,24612,166,102157,
24587,24612,164,101962,
24587,24612,165,101962,
24587,24612,167,101962,
24587,24612,157,102157,
24587,24612,177,101767,
24587,24612,156,102157,
24587,24612,152,101962,
24587,24612,166,101767,
24587,24612,168,102157,
24587,24612,153,101962,
36999,36423,206,153553,
36999,36423,207,153357,
36999,36423,206,154186,
36999,36423,192,153357,
36999,36423,207,154186,
36999,36423,205,153795,
36999,36423,204,153991,
36999,36423,207,153795,
36999,36423,191,153795,
36999,36423,210,153553,
36999,36423,193,153357,
36999,36423,209,153357,
36999,36423,205,153357,
36999,36423,210,153795,
36999,36423,206,153357,
36999,36423,193,153991,
36999,36423,208,153991,
36999,36423,204,153553,
36999,36423,208,153553,
36999,36423,207,153991,
36999,36423,191,153795,
36999,36423,206,153553,
36999,36423,206,153795,
36999,36423,206,153357,
36999,36423,192,153553,
36999,36423,208,153357,
36999,36423,194,153357,
36999,36423,210,153795,
36999,36423,209,153357,
36999,36423,205,153991,
49292,49082,263,205386,
49292,49082,266,205191,
49292,49082,249,205191,
49292,49082,267,205386,
49292,49082,251,205386,
49292,49082,250,205777,
49292,49082,264,205386,
49292,49082,263,206019,
49292,49082,252,204995,
49292,49082,266,205386,
49292,49082,266,205386,
49292,49082,265,205581,
49292,49082,254,205581,
49292,49082,269,205191,
49292,49082,274,205386,
49292,49082,263,205386,
49292,49082,254,205386,
49292,49082,266,205386,
49292,49082,266,205386,
49292,49082,250,204995,
49292,49082,251,205581,
49292,49082,250,205581,
49292,49082,265,205581,
49292,49082,270,205581,
49292,49082,266,205191,
49292,49082,262,205386,
49292,49082,258,205386,
49292,49082,268,205386,
49292,49082,267,205386,
49292,49082,251,205191,
129491,50000,1086,1024391,
129491,50000,1088,1023953,
129491,50000,1087,1024195,
129491,50000,1088,1024586,
129491,50000,1102,1024977,
129491,50000,1085,1024586,
129491,50000,1114,1024586,
129491,50000,1090,1024391,
129491,50000,1104,1024586,
129491,50000,1108,1024586,
129491,50000,1103,1024781,
129491,50000,1119,1024195,
129491,50000,1091,1024195,
129491,50000,1109,1024977,
129491,50000,1103,1025219,
129491,50000,1088,1025219,
129491,50000,1099,1024781,
129491,50000,1106,1024391,
129491,50000,1097,1024977,
129491,50000,1095,1024586,
129491,50000,1091,1024586,
129491,50000,1113,1024195,
129491,50000,1091,1024586,
129491,50000,1088,1024391,
129491,50000,1095,1024977,
129491,50000,1110,1024391,
129491,50000,1093,1024391,
129491,50000,1112,1024977,
129491,50000,1097,1025219,
129491,50000,1094,1024391,
185156,50000,2185,2049219,
185156,50000,2192,2048977,
185156,50000,2202,2049415,
185156,50000,2198,2048586,
185156,50000,2192,2048781,
185156,50000,2189,2048977,
185156,50000,2195,2048781,
185156,50000,2192,2048781,
185156,50000,2195,2048586,
185156,50000,2202,2048781,
185156,50000,2179,2048781,
185156,50000,2197,2049219,
185156,50000,2184,2049610,
185156,50000,2189,2049610,
185156,50000,2214,2049219,
185156,50000,2182,2048781,
185156,50000,2192,2048781,
185156,50000,2191,2049219,
185156,50000,2193,2049219,
185156,50000,2175,2048977,
185156,50000,2178,2049219,
185156,50000,2206,2049219,
185156,50000,2196,2049415,
185156,50000,2278,2049415,
185156,50000,2181,2048977,
185156,50000,2204,2049415,
185156,50000,2183,2048977,
185156,50000,2204,2048781,
185156,50000,2176,2048781,
185156,50000,2180,2048781,
2703,2632,57,26624,
2703,2632,57,26624,
2703,2632,58,26624,
2703,2632,43,26624,
2703,2632,58,26624,
2703,2632,58,26624,
2703,2632,59,26624,
2703,2632,45,26624,
2703,2632,57,26624,
2703,2632,59,26624,
2703,2632,60,26624,
2703,2632,63,26624,
2703,2632,57,26624,
2703,2632,58,26624,
2703,2632,45,26624,
2703,2632,57,26624,
2703,2632,61,26624,
2703,2632,43,26624,
2703,2632,59,26624,
2703,2632,57,26624,
2703,2632,57,26624,
2703,2632,57,26624,
2703,2632,57,26624,
2703,2632,58,26624,
2703,2632,43,26624,
2703,2632,57,26624,
2703,2632,57,26624,
2703,2632,44,26624,
2703,2632,60,26624,
2703,2632,57,26624,
5050,5278,78,52224,
5050,5278,79,52224,
5050,5278,79,52224,
5050,5278,79,52224,
5050,5278,79,52224,
5050,5278,79,52224,
5050,5278,64,52224,
5050,5278,80,52224,
5050,5278,68,52224,
5050,5278,65,52224,
5050,5278,79,52224,
5050,5278,84,52224,
5050,5278,79,52224,
5050,5278,79,52224,
5050,5278,86,52224,
5050,5278,79,52224,
5050,5278,64,52224,
5050,5278,78,52224,
5050,5278,79,52224,
5050,5278,81,52224,
5050,5278,79,52224,
5050,5278,79,52224,
5050,5278,78,52224,
5050,5278,71,52224,
5050,5278,79,52224,
5050,5278,81,52224,
5050,5278,71,52224,
5050,5278,66,52224,
5050,5278,80,52224,
5050,5278,79,52224,
25046,25052,238,255757,
25046,25052,239,255757,
25046,25052,244,255367,
25046,25052,240,255367,
25046,25052,239,255367,
25046,25052,240,255367,
25046,25052,229,255367,
25046,25052,238,255367,
25046,25052,238,255367,
25046,25052,225,255757,
25046,25052,238,255367,
25046,25052,239,255757,
25046,25052,241,255757,
25046,25052,224,255367,
25046,25052,239,255367,
25046,25052,240,255367,
25046,25052,237,255757,
25046,25052,223,255367,
25046,25052,239,255367,
25046,25052,238,255367,
25046,25052,243,255367,
25046,25052,238,255367,
25046,25052,239,255367,
25046,25052,238,255367,
25046,25052,241,255367,
25046,25052,225,255757,
25046,25052,241,255367,
25046,25052,237,255367,
25046,25052,240,255367,
25046,25052,239,255757,
37069,37922,340,383757,
37069,37922,332,383367,
37069,37922,331,383367,
37069,37922,341,383757,
37069,37922,348,383367,
37069,37922,343,383367,
37069,37922,339,383367,
37069,37922,341,383757,
37069,37922,347,383367,
37069,37922,340,383367,
37069,37922,343,383367,
37069,37922,347,383367,
37069,37922,347,383367,
37069,37922,347,383367,
37069,37922,326,383367,
37069,37922,346,383367,
37069,37922,343,383367,
37069,37922,340,383367,
37069,37922,338,383757,
37069,37922,348,383757,
37069,37922,340,383757,
37069,37922,340,383367,
37069,37922,347,383367,
37069,37922,328,383757,
37069,37922,326,383367,
37069,37922,339,383757,
37069,37922,338,383367,
37069,37922,324,383367,
37069,37922,339,383367,
37069,37922,337,383367,
49288,50272,444,511757,
49288,50272,443,511757,
49288,50272,442,511757,
49288,50272,446,511367,
49288,50272,443,511367,
49288,50272,440,511757,
49288,50272,441,511757,
49288,50272,441,511757,
49288,50272,430,511757,
49288,50272,446,511757,
49288,50272,443,511367,
49288,50272,437,511367,
49288,50272,443,511757,
49288,50272,445,511757,
49288,50272,445,511757,
49288,50272,441,511757,
49288,50272,441,511757,
49288,50272,442,511367,
49288,50272,440,511757,
49288,50272,442,511367,
49288,50272,431,511367,
49288,50272,449,511367,
49288,50272,448,511757,
49288,50272,433,511367,
49288,50272,449,511757,
49288,50272,432,511757,
49288,50272,455,511757,
49288,50272,459,511757,
49288,50272,452,511367,
49288,50272,449,511757,
178208,100000,2132,2561805,
178208,100000,2126,2561805,
178208,100000,2129,2561415,
178208,100000,2136,2560781,
178208,100000,2111,2562439,
178208,100000,2127,2561415,
178208,100000,2137,2560781,
178208,100000,2129,2561415,
178208,100000,2125,2560781,
178208,100000,2127,2560391,
178208,100000,2132,2560781,
178208,100000,2127,2561805,
178208,100000,2128,2562439,
178208,100000,2135,2561415,
178208,100000,2115,2563853,
178208,100000,2130,2560781,
178208,100000,2115,2563853,
178208,100000,2125,2562829,
178208,100000,2124,2563463,
178208,100000,2120,2560391,
178208,100000,2126,2562829,
178208,100000,2124,2562439,
178208,100000,2132,2560781,
178208,100000,2111,2561415,
178208,100000,2129,2561415,
178208,100000,2131,2563853,
178208,100000,2133,2561415,
178208,100000,2127,2561415,
178208,100000,2131,2561805,
178208,100000,2126,2561805,
