315,46,1409,108612,4000,
315,46,1816,54306,6000,
315,46,1520,108577,4000,
315,46,1433,107520,4000,
315,46,1411,108544,4000,
315,46,1417,108578,4000,
315,46,1431,108623,4000,
315,46,1832,55331,6000,
311,38,1748,108885,4000,
315,46,1938,55358,6000,
315,46,1914,55296,6000,
315,46,1524,108672,4000,
316,49,1540,108533,4000,
311,38,1510,109030,4000,
315,46,1847,55327,6000,
315,46,1510,108585,4000,
315,46,1384,107497,4000,
315,46,1821,53282,6000,
315,46,1415,108578,4000,
311,38,1423,108952,4000,
315,46,1437,108544,4000,
315,46,1542,106475,4000,
315,46,1400,108544,4000,
315,46,1408,107554,4000,
315,46,1430,107553,4000,
311,38,1425,107898,4000,
315,46,1463,108617,4000,
315,46,1441,106529,4000,
315,46,1429,107520,4000,
311,38,1415,108936,4000,
467,47,1921,17601,4000,
467,47,1907,17636,4000,
467,47,1907,17602,4000,
467,47,1923,17599,4000,
467,47,1876,17554,4000,
467,47,1908,17611,4000,
467,47,1896,17601,4000,
467,47,1955,17568,4000,
467,47,1888,17637,4000,
467,47,1934,17594,4000,
467,47,1930,16504,4000,
467,47,1897,17643,4000,
467,47,1900,17569,4000,
467,47,1992,17566,4000,
467,47,1997,17601,4000,
467,47,1996,17492,4000,
467,47,1894,17529,4000,
467,47,1927,17574,4000,
467,47,1901,18560,4000,
467,47,1995,17553,4000,
467,47,1871,16585,4000,
467,47,1887,17555,4000,
467,47,1867,17568,4000,
467,47,1923,17642,4000,
467,47,1896,17604,4000,
467,47,1995,17658,4000,
467,47,1814,17600,4000,
467,47,2022,17646,4000,
467,47,1901,18582,4000,
467,47,1914,17610,4000,
1074,50,7800,26464,6000,
1032,50,9959,118242,8000,
1073,50,10050,102423,8000,
1032,49,11996,181529,10000,
917,50,7750,38550,6000,
1006,49,9929,117531,8000,
1051,50,14198,103479,12000,
1006,50,7927,36159,6000,
1073,50,8016,18409,6000,
982,50,5536,165512,4000,
914,50,7681,39357,6000,
1014,50,7863,44338,6000,
1013,50,5602,166391,4000,
957,50,9816,110971,8000,
1004,50,12144,193042,10000,
1014,50,5821,163027,4000,
1051,50,9866,143643,8000,
964,50,7881,30791,6000,
955,50,7666,47356,6000,
957,50,14167,71406,12000,
916,50,9952,135637,8000,
1005,50,8043,179626,6000,
1054,50,13920,120097,12000,
1053,50,7918,56628,6000,
996,50,9901,138471,8000,
991,50,11982,199725,10000,
1015,50,12030,47527,10000,
1011,50,11934,22963,10000,
1036,50,5681,157500,4000,
981,50,5671,152020,4000,
1156,50,17489,52895,10000,
1141,50,10978,205105,6000,
1078,50,13835,118300,8000,
1214,50,14198,102877,8000,
1085,50,16984,19057,10000,
1195,50,16760,31523,10000,
1047,50,16852,202237,10000,
1173,50,17425,22278,10000,
988,50,14060,109030,8000,
1085,50,10928,14843,6000,
1061,50,14052,117620,8000,
1021,50,13791,118050,8000,
1153,50,14010,112589,8000,
1123,50,11204,183848,6000,
1087,50,13897,103874,8000,
1084,50,10728,27119,6000,
1014,50,13537,117403,8000,
1100,49,14013,174920,8000,
1081,50,17412,75064,10000,
1121,50,10916,207178,6000,
1157,50,20254,122831,12000,
1111,50,14030,110331,8000,
1168,50,20466,124824,12000,
1089,50,13686,102010,8000,
1189,50,11139,14977,6000,
1200,50,14006,195072,8000,
1159,50,17235,175343,10000,
1195,50,20503,156505,12000,
1207,50,20309,106051,12000,
833,50,7689,102820,4000,
1497,50,30120,315662,14000,
1447,50,22182,141652,10000,
1337,50,22190,92059,10000,
1321,50,14167,151915,6000,
1587,50,30271,96310,14000,
1509,50,21972,80819,10000,
1491,50,18003,145104,8000,
1453,50,18280,126971,8000,
1260,50,10198,163299,4000,
1222,50,10015,116970,4000,
1449,50,29975,69152,14000,
1485,50,34095,106638,16000,
1287,50,14213,324742,6000,
1584,50,33926,145075,16000,
1417,50,18215,116661,8000,
1545,50,33817,136695,16000,
1485,50,18122,140546,8000,
1193,50,14200,309509,6000,
1462,50,22472,122348,10000,
1456,50,34069,141181,16000,
1360,50,18056,135961,8000,
1523,50,26199,203166,12000,
1350,50,18047,104360,8000,
1468,50,22106,123368,10000,
1339,50,25993,166646,12000,
1471,50,22156,301343,10000,
1397,50,21893,124807,10000,
1513,50,18088,148950,8000,
1514,50,22131,137608,10000,
1610,50,30514,37997,14000,
2280,50,208564,344852,22000,
2150,50,300704,130210,32000,
2075,50,188670,930574,20000,
2160,50,134294,530909,14000,
2397,50,225011,983110,24000,
2302,50,135582,250107,14000,
2092,50,153148,178219,16000,
2417,50,244936,1015795,26000,
2356,50,263344,625341,28000,
2023,50,153041,149939,16000,
2302,50,190338,695624,20000,
2111,50,153571,557279,16000,
1280,50,78744,251881,8000,
2308,50,206837,677689,22000,
2114,50,171357,969815,18000,
1568,50,60991,1016757,6000,
2139,50,116807,505287,12000,
2128,50,152998,250608,16000,
2151,50,134712,449321,14000,
1952,50,170559,725612,18000,
1765,50,116677,288865,12000,
1402,50,78615,278953,8000,
1950,50,134885,1031966,14000,
2477,50,190244,855301,20000,
2068,50,153545,359597,16000,
1903,50,134487,795729,14000,
1795,50,97960,656529,10000,
2355,50,246270,971708,26000,
1950,50,189283,915914,20000,
1728,50,79553,482472,8000,
3170,50,600047,1336306,33339,
2027,50,225849,415586,12000,
2436,50,191398,925252,10000,
3268,50,551253,1399716,30000,
3172,50,551016,817433,30000,
3177,50,600130,956550,33240,
2786,50,600081,1281662,33459,
2562,50,442845,879338,24000,
2652,50,442918,455015,24000,
3100,50,515732,942370,28000,
2813,50,406690,1175645,22000,
2912,50,372505,530443,20000,
2785,50,441534,782371,24000,
2966,50,584866,500146,32000,
2631,50,407244,499765,22000,
3295,50,588428,943310,32000,
2789,50,336740,1159504,18000,
2411,50,369636,1142054,20000,
2868,50,336923,414067,18000,
3104,50,600140,538073,33365,
2810,50,600143,333651,33418,
2783,50,514245,1016988,28000,
2906,50,517057,929870,28000,
3058,50,335614,701752,18000,
3009,50,600112,1162085,33295,
2771,50,600131,1238085,33370,
2462,50,600102,455826,18000,
2117,50,332234,831880,18000,
2950,50,607451,1276952,33460,
2786,50,518123,814943,28000,
1548,50,600145,210945,6862,
1841,50,600051,691301,6843,
1751,50,600083,48763,6837,
2159,50,600131,85140,6815,
1884,50,600043,136682,6843,
1717,50,600129,75664,6866,
1749,49,600047,59784,6837,
2016,50,600076,184079,6840,
1854,50,600115,85773,6827,
1913,50,600056,166523,6842,
1968,50,600067,2326254,6831,
1695,50,600115,2538638,6853,
1918,49,600040,1405537,6841,
1750,50,600071,62093,6824,
2107,50,600061,2790767,6796,
1809,46,600024,70267,6851,
1847,50,600046,2360117,6828,
1681,50,600135,98118,6846,
1775,50,600070,87675,6830,
1767,50,600062,131171,6827,
1631,47,600119,389856,6832,
1983,50,600053,113477,6841,
1798,49,600042,101372,6824,
1790,50,600054,194423,6851,
1680,49,600048,383242,6634,
1854,50,600041,96209,6845,
1620,50,600118,183930,6834,
1705,50,600118,62093,6822,
2050,50,600032,2872767,6809,
1750,50,600118,74103,6822,
1381,50,600048,48862,3427,
1354,50,600066,69033,3441,
1566,49,600038,139414,3440,
1779,50,600056,120896,3409,
1259,50,600026,345342,3427,
1439,47,600035,66563,3422,
1557,50,600065,216165,3410,
1704,50,600121,111847,3365,
1284,49,600115,278145,3409,
1395,49,600064,324544,3387,
1559,50,600041,235153,3315,
1742,49,600061,101719,3405,
1514,50,600001,28995,3430,
1794,50,600068,113569,3424,
1505,50,600039,152711,3427,
1842,50,600111,351624,3501,
1605,50,600053,155312,3402,
1781,49,600114,114506,3429,
1590,50,600112,156651,3481,
1407,47,600044,94310,2849,
1640,50,600026,343852,3445,
1529,50,600113,240474,3315,
1631,50,600056,135685,3465,
1313,50,600115,559427,2850,
1175,50,600063,411581,3426,
1515,49,600049,1045735,3421,
1339,50,600124,142776,3423,
1587,50,600134,125155,3424,
1332,47,600057,151943,3422,
1291,49,600114,171453,3431,
619,96,1280,140320,4000,
644,96,1318,143390,4000,
607,90,1298,144479,4000,
646,99,1830,106496,6000,
644,96,1300,142407,4000,
649,97,1244,89121,4000,
649,97,1287,22600,4000,
607,90,1278,144448,4000,
607,90,1337,143466,4000,
651,100,1917,107550,6000,
619,96,1318,138303,4000,
649,97,1341,143421,4000,
649,97,1417,142375,4000,
651,100,1297,143423,4000,
619,96,1282,144488,4000,
619,96,1271,143433,4000,
619,96,1284,141417,4000,
651,100,1360,141406,4000,
619,96,1356,144384,4000,
619,96,1285,143360,4000,
649,97,1337,142367,4000,
649,97,1859,107583,6000,
644,96,2409,71674,8000,
643,91,1309,139359,4000,
651,100,1274,140351,4000,
619,96,1266,141351,4000,
607,90,1283,144479,4000,
637,91,1299,139294,4000,
619,96,1792,107583,6000,
646,99,1313,143360,4000,
969,95,1756,71946,4000,
969,95,1743,70920,4000,
969,95,1744,70788,4000,
969,95,1727,71945,4000,
969,95,1622,41091,4000,
969,95,1638,42247,4000,
969,95,1740,71945,4000,
969,95,1721,70922,4000,
969,95,1624,43271,4000,
969,95,1712,71945,4000,
969,95,1774,71056,4000,
969,95,1748,70921,4000,
969,95,1735,69765,4000,
969,95,1716,69898,4000,
969,95,1698,70788,4000,
969,95,1751,69898,4000,
969,95,1765,43271,4000,
969,95,1764,7624,4000,
969,95,1640,42377,4000,
969,95,1661,43139,4000,
969,95,1713,70788,4000,
969,95,1717,70921,4000,
969,95,1731,69898,4000,
969,95,1610,43402,4000,
969,95,1733,70922,4000,
969,95,1729,69764,4000,
969,95,1729,70789,4000,
969,95,1621,43269,4000,
969,95,1736,70922,4000,
969,95,1613,43271,4000,
1710,100,6959,60414,6000,
1775,100,7189,44438,6000,
1806,100,11387,196985,10000,
1802,100,9099,111721,8000,
1791,100,9216,139759,8000,
1790,99,11462,5651,10000,
1805,100,13556,88012,12000,
1654,100,7081,52291,6000,
1696,99,11723,29532,10000,
1736,100,11201,195763,10000,
1821,99,11273,156129,10000,
1670,100,9026,94122,8000,
1766,100,7036,37005,6000,
1796,100,11311,200240,10000,
1795,100,9502,135646,8000,
1800,100,9193,144952,8000,
1752,100,9135,122780,8000,
1798,100,9217,118858,8000,
1717,100,9129,105813,8000,
1766,100,11222,206689,10000,
1791,100,11307,176380,10000,
1833,100,11438,205646,10000,
1730,100,7160,52063,6000,
1808,100,13554,172251,12000,
1722,100,9191,132755,8000,
1799,100,17592,59819,16000,
1677,100,6894,23553,6000,
1753,100,9332,131203,8000,
1687,99,7172,57422,6000,
1785,99,9313,138550,8000,
2286,100,19127,169697,12000,
2159,100,12955,104004,8000,
2252,100,21923,190292,14000,
2124,100,21733,192743,14000,
2247,100,24530,62159,16000,
2130,100,12768,119303,8000,
2145,100,21557,205071,14000,
2200,99,18550,93404,12000,
2212,100,12832,104945,8000,
2186,100,24529,107823,16000,
2202,100,15758,204120,10000,
2256,99,22251,210840,14000,
2202,100,15901,189375,10000,
1926,100,9610,203833,6000,
2203,99,24760,78308,16000,
2225,100,27397,173732,18000,
2171,100,28269,204530,18000,
2155,100,16133,47434,10000,
2213,100,27356,179160,18000,
2177,100,21967,167655,14000,
2186,100,24750,91910,16000,
2112,100,18305,123715,12000,
2181,100,22376,62017,14000,
2193,100,27788,207466,18000,
2183,100,21423,202631,14000,
2196,100,22336,121172,14000,
2098,100,12709,104178,8000,
2156,100,21764,27030,14000,
2150,100,25211,61356,16000,
2098,100,12616,80756,8000,
2386,100,24411,97705,12000,
2320,100,24699,130629,12000,
2545,100,24633,66301,12000,
2442,100,27915,105645,14000,
2350,100,39716,49090,20000,
2535,100,36207,51958,18000,
2373,100,32105,84256,16000,
2413,100,36861,282016,18000,
2307,100,28694,102279,14000,
2329,100,25921,132560,12000,
2541,100,25166,120103,12000,
2524,100,28793,206855,14000,
2595,100,28508,97536,14000,
2407,100,29208,289354,14000,
2294,100,20555,126231,10000,
2377,100,20758,95548,10000,
2373,100,20816,128600,10000,
2123,100,24737,71605,12000,
2356,100,25314,141011,12000,
2285,100,33078,169084,16000,
2518,100,41232,181842,20000,
2522,100,36882,57963,18000,
2012,100,21043,36076,10000,
2579,100,44971,73841,22000,
2531,100,44757,349808,22000,
2456,100,25086,138954,12000,
2421,100,28945,95754,14000,
2294,100,25713,108545,12000,
2340,100,21088,109404,10000,
2462,100,50377,94359,24000,
3447,100,301532,948625,32000,
3831,100,335848,557119,34000,
3388,100,315827,311541,34000,
3587,100,295603,964787,32000,
3220,100,183856,683258,20000,
3492,100,223313,186306,24000,
3778,100,352717,736764,38000,
3461,100,276795,122733,30000,
3324,100,205347,263189,22000,
3256,100,334989,451747,36000,
3509,100,259373,508455,28000,
3238,100,222914,167539,24000,
2916,100,129802,357571,14000,
3364,100,261319,899532,28000,
3240,100,186502,613879,20000,
3477,100,223056,137116,24000,
3455,100,222125,1046043,24000,
3846,100,335713,412828,36000,
3250,100,211868,435659,22000,
3336,100,249641,133676,26000,
3832,100,329569,208355,34000,
3163,100,242659,946105,26000,
3310,100,239153,136983,26000,
3217,100,239778,445312,26000,
3302,100,220884,209471,24000,
2925,100,165970,737529,18000,
3057,100,185648,375771,20000,
2508,100,110696,297728,12000,
3249,100,260203,403712,28000,
2883,100,111787,336944,12000,
4271,100,600011,1307025,33100,
4058,100,600016,829234,33224,
4053,100,540305,625464,30000,
4053,100,397241,1348695,22000,
3933,100,600010,587758,33299,
4337,97,600017,433443,33310,
4626,100,600013,1263249,33089,
4151,100,542552,490751,30000,
4545,100,600006,923534,33231,
4504,100,509570,397508,28000,
3903,100,575855,914684,32000,
3897,100,398240,675859,22000,
4122,100,600014,1229985,33233,
3958,100,469396,1199465,26000,
4564,100,600013,974701,33058,
3674,100,359693,508437,20000,
4015,100,541938,1274729,30000,
4396,100,600014,946029,33241,
3806,100,502290,560769,28000,
3395,100,324057,815309,18000,
4575,100,600015,975649,33261,
4179,100,398940,1187441,22000,
4268,100,432298,817423,24000,
4312,100,544095,371178,30000,
3701,100,323419,474059,18000,
4353,100,600019,732189,33153,
4519,100,600017,869798,33264,
4242,100,469415,393776,26000,
4198,100,433664,405365,24000,
3932,100,433024,1156044,24000,
2479,100,600087,84555,6839,
2552,99,600071,105182,6857,
2952,99,600059,109679,6776,
2720,100,600048,2923557,6794,
2774,100,600023,2726861,6815,
2613,100,600027,1144028,6811,
2615,100,600023,3081960,6801,
2383,100,600094,124428,6841,
2466,100,600045,84311,6839,
2541,98,600046,113912,6863,
2583,100,600081,3384247,6813,
3002,100,600084,2048603,6782,
2608,100,600064,951397,6807,
3061,100,600070,110284,6789,
2680,97,600053,1746627,6823,
2349,100,600033,100402,6861,
3119,100,600111,2162118,6799,
2604,100,600056,2054580,6834,
2443,99,600094,50720,6815,
2551,100,600064,135612,6819,
3054,100,600021,2548173,6801,
2308,100,600084,944532,6795,
3097,100,600037,113925,6781,
2612,97,600051,194607,6840,
2416,97,600080,27247,6790,
2725,96,600105,122442,6775,
2501,100,600062,442369,6812,
2418,98,600042,152384,6771,
2887,100,600108,2121753,6769,
2329,100,600034,128150,6825,
2051,100,600226,177057,3419,
2103,100,600202,110399,3441,
2461,90,600073,199491,3411,
2208,99,600074,145798,3425,
2235,100,600088,120151,3436,
2423,100,600176,255369,3419,
2452,100,600091,197591,3409,
2285,100,600068,157027,3430,
2214,100,600047,141703,3422,
2137,100,600068,157989,3424,
2165,100,600069,293339,3418,
2408,100,600091,274551,3429,
2278,100,600082,198479,3445,
2213,89,600108,52031,3430,
2131,100,600072,154284,3418,
2245,100,600078,211304,3429,
2130,100,600039,234650,3421,
2168,100,600052,198869,3412,
2414,100,600087,286944,3427,
2298,100,600061,159692,3423,
2174,100,600084,100098,3437,
2262,99,600134,305890,3425,
2111,99,600154,234729,3430,
1980,100,600046,150871,3424,
2259,100,600148,136973,3366,
2293,100,600122,212944,3384,
2217,100,600057,1611560,3381,
2384,100,600028,301836,3345,
2107,100,600145,104697,3419,
2067,100,600184,448620,3419,
989,498,1921,57407,6000,
967,495,1911,55358,6000,
934,493,1386,109568,4000,
1037,498,1951,57383,6000,
1029,492,2003,57407,6000,
1074,500,2428,4058,8000,
1098,499,2401,5150,8000,
950,489,2796,103454,10000,
1019,500,1822,55296,6000,
923,499,1355,109601,4000,
1040,490,2868,103454,10000,
977,487,2396,4069,8000,
992,484,2937,106566,10000,
1063,498,3448,53310,12000,
977,500,1895,56410,6000,
1031,490,2478,4191,8000,
1040,489,2898,105542,10000,
1095,497,2438,4094,8000,
1063,498,2833,103455,10000,
989,500,1371,109600,4000,
979,488,1836,56358,6000,
1074,500,2352,4222,8000,
1000,497,1372,109568,4000,
1050,494,3350,49117,12000,
984,497,2349,3072,8000,
974,500,1315,109601,4000,
1046,500,3361,53308,12000,
1075,499,1409,109568,4000,
1045,500,1944,56381,6000,
1000,498,1364,109602,4000,
1514,496,3860,21545,10000,
1544,500,2604,124962,6000,
1507,498,2553,124996,6000,
1501,498,4523,131138,12000,
1530,497,3245,75809,8000,
1582,497,4553,133181,12000,
1556,499,4645,132129,12000,
1494,496,4529,133218,12000,
1567,495,4509,131137,12000,
1462,496,2510,125028,6000,
1474,498,2405,124017,6000,
1462,499,2432,125028,6000,
1589,500,4680,132096,12000,
1575,497,4462,131175,12000,
1474,498,3724,26722,10000,
1463,493,3968,26758,10000,
1542,500,4716,132194,12000,
1492,499,3157,76800,8000,
1446,498,3261,75912,8000,
1333,498,1721,19566,4000,
1560,494,3880,26694,10000,
1503,496,2411,124045,6000,
1485,498,2550,125066,6000,
1406,500,1751,136273,4000,
1563,497,3166,75808,8000,
1449,498,2390,124961,6000,
1540,500,3233,74819,8000,
1540,499,2587,125036,6000,
1362,497,1744,19567,4000,
1533,496,3278,75840,8000,
4374,500,4581,155176,4000,
4375,499,6792,47315,6000,
4367,500,6595,32233,6000,
4373,499,4520,160472,4000,
4362,500,4532,164477,4000,
4370,496,4570,154996,4000,
4375,499,4546,156339,4000,
4379,499,4500,160541,4000,
4369,500,4593,165691,4000,
4379,499,4503,160614,4000,
4365,499,4969,158406,4000,
4365,500,6622,55661,6000,
4374,499,6623,52718,6000,
4373,500,4569,150341,4000,
4375,499,6569,43510,6000,
4379,499,4728,161331,4000,
4382,500,4555,164560,4000,
4373,499,4604,160292,4000,
4375,498,4633,162359,4000,
4370,500,4535,163441,4000,
4375,498,4607,172665,4000,
4379,499,4707,155468,4000,
4379,499,4508,165573,4000,
4375,498,4547,164509,4000,
4371,500,4552,166558,4000,
4363,498,4567,170645,4000,
4373,499,6543,44528,6000,
4375,500,4572,161657,4000,
4373,499,4601,165486,4000,
4362,500,4566,149946,4000,
4989,500,6874,103505,4000,
5121,500,24476,126724,16000,
5061,500,18813,58392,12000,
5035,500,6901,104221,4000,
5009,500,6832,110430,4000,
5083,500,22454,202512,14000,
5102,500,15747,204902,10000,
5096,500,13018,102854,8000,
4984,500,9830,16045,6000,
5063,500,10048,199400,6000,
5095,500,16053,195316,10000,
5126,500,24791,99777,16000,
5146,500,16031,161748,10000,
5056,500,15659,178818,10000,
5083,500,7019,96682,4000,
5045,500,15795,192973,10000,
5020,500,15684,177901,10000,
5092,500,24317,72306,16000,
5045,500,9757,188971,6000,
5134,500,18543,104273,12000,
5039,500,9824,209414,6000,
5156,500,12828,103714,8000,
5039,500,15570,193784,10000,
5121,500,18701,80347,12000,
5130,499,12762,81011,8000,
4988,499,9724,23492,6000,
5093,500,9893,203396,6000,
5181,499,27952,142851,18000,
5117,499,25000,126691,16000,
5159,500,18769,63052,12000,
5677,500,17196,111540,8000,
5689,500,28654,99671,14000,
5779,499,29561,66122,14000,
5758,500,28685,134296,14000,
5809,500,40081,188767,20000,
5906,500,40109,85823,20000,
5843,500,40183,121469,20000,
5818,499,51577,121312,26000,
5828,499,37113,96285,18000,
5634,499,16995,107360,8000,
5758,500,17186,146849,8000,
5862,498,36455,116779,18000,
5882,500,33495,189655,16000,
5727,500,36424,152332,18000,
5750,500,36100,143628,18000,
5779,500,32088,99099,16000,
5775,499,29039,310384,14000,
5716,500,32356,127383,16000,
5800,500,40155,128028,20000,
5611,500,17146,161917,8000,
5777,500,35990,182260,18000,
5586,500,16955,121891,8000,
5772,500,32278,346205,16000,
5719,500,21174,319750,10000,
5724,500,28387,110320,14000,
5564,500,28146,148263,14000,
5838,500,24664,123933,12000,
5785,500,36157,100543,18000,
5863,500,40428,95931,20000,
5675,500,24366,124106,12000,
10059,500,532834,665224,54000,
10120,500,416914,626844,42000,
9651,500,410489,961073,42000,
10437,500,598597,204723,62000,
10099,500,450237,556527,46000,
10206,500,471301,299026,48000,
9416,500,390165,301770,40000,
10071,500,469878,915641,48000,
9918,500,392597,147326,40000,
10201,500,446294,1000550,46000,
9616,500,371317,752591,38000,
10262,500,431641,769780,44000,
9836,500,349858,142817,36000,
9632,500,413869,761422,42000,
9517,500,336257,123539,34000,
9202,500,292249,438140,30000,
10404,500,580018,336627,60000,
9700,500,354929,504152,36000,
9957,500,391590,580472,40000,
10049,500,394774,309038,40000,
9157,500,223662,949357,22000,
10201,500,409254,418552,42000,
10742,500,600011,338430,61875,
10206,500,483249,404471,50000,
9499,500,386577,447665,40000,
9955,500,447948,233128,46000,
10324,500,425249,407091,44000,
8078,500,216469,830122,22000,
9667,500,392686,592904,40000,
10865,500,600101,598744,62965,
10782,498,600016,1023712,30904,
10781,480,600019,526264,30935,
9928,500,600024,555714,31243,
10739,499,600013,1176948,30661,
10835,500,600019,502210,30908,
10815,499,600021,842698,30780,
10768,500,600025,651814,30812,
10331,499,600009,391275,31292,
10509,497,600026,1085082,31251,
10752,498,600010,967594,31722,
10435,500,600017,1267973,31538,
10432,499,600025,1010416,31475,
10585,500,600017,1117555,31331,
10846,500,600012,849140,31268,
10462,500,600011,877366,31414,
10112,498,600007,1045818,30708,
11042,500,600013,798200,30524,
10748,500,600013,356796,29993,
10543,499,600011,427989,29824,
11325,500,600013,863516,30379,
10242,500,600018,583660,31219,
10515,499,600007,392157,31271,
10276,500,600006,341468,31296,
10414,499,600014,331362,31187,
10262,500,600007,1272033,30835,
10892,496,600025,661758,30519,
10659,496,600014,1199563,31217,
10282,499,600023,1193691,31341,
10569,500,600018,621370,30956,
10119,499,600007,1005727,31236,
6979,495,600068,208447,6509,
6902,500,600037,199926,6394,
7078,499,600042,98110,6499,
7046,500,600037,87383,6451,
7053,499,600027,50330,6428,
6916,499,600054,99920,6469,
6833,498,600087,149067,6453,
7267,499,600090,63489,6459,
7013,500,600028,1059230,6479,
6948,498,600102,2669446,6458,
7350,500,600093,604887,6380,
6861,499,600041,96160,6501,
6713,500,600027,118785,6524,
7113,499,600044,133172,6441,
6686,499,600051,651487,6456,
7042,500,600063,171740,6422,
6499,497,600031,137415,6532,
6934,499,600082,1388586,6409,
6923,500,600087,529548,6420,
6692,500,600087,109716,6450,
6519,500,600029,146775,6487,
7388,493,600094,2233125,6459,
6731,498,600034,141362,6461,
7092,500,600101,3330342,6445,
7256,495,600024,104801,6467,
6770,499,600022,104012,6440,
6970,494,600077,85339,6458,
6948,499,600051,2073765,6439,
6843,496,600027,73340,6524,
7240,500,600043,1855343,6474,
6462,498,600162,272339,3333,
6150,498,600086,304491,3341,
6139,500,600132,257369,3345,
5856,500,600164,243665,3354,
5992,497,600198,193829,3345,
6187,500,600148,2388512,3323,
6228,500,600050,175644,3337,
5759,497,600140,169700,3369,
6438,500,600165,199929,3330,
6324,499,600203,158770,3339,
6300,495,600115,253076,3353,
5903,500,600100,111435,3352,
6259,497,600113,286575,3339,
6486,500,600102,162526,3342,
6141,497,600209,1310947,3335,
6138,498,600204,140826,3341,
6024,493,600065,57772,3355,
6216,497,600098,220065,3344,
6088,497,600220,108496,3357,
6218,496,600047,1386561,3343,
6015,499,600227,170656,3355,
6011,500,600065,172019,3324,
6282,499,600072,223720,3347,
5995,500,600188,157113,3345,
6234,500,600163,283897,3334,
5918,495,600140,160525,3330,
5998,500,600089,185971,3334,
6212,500,600075,248722,3398,
5842,499,600178,1757001,3350,
6536,499,600163,258196,3344,
1676,998,3599,52285,12000,
1694,999,3131,105472,10000,
1659,992,2119,57407,6000,
1673,993,2594,5150,8000,
1669,1000,3106,106559,10000,
1723,999,4244,153664,14000,
1680,993,3152,107520,10000,
1682,998,2023,57327,6000,
1710,995,3091,108575,10000,
1672,998,2585,5120,8000,
1669,1000,2719,6207,8000,
1687,987,2090,57344,6000,
1669,999,3180,106526,10000,
1727,1000,3248,107560,10000,
1711,992,3184,107551,10000,
1721,1000,3146,107582,10000,
1715,991,4262,1119,14000,
1669,1000,2068,57406,6000,
1704,1000,3027,106565,10000,
1707,991,4239,154687,14000,
1698,991,2628,5151,8000,
1715,997,3170,107559,10000,
1638,993,2622,5152,8000,
1700,999,3089,106527,10000,
1701,1000,3647,54409,12000,
1720,997,3083,107582,10000,
1692,997,2578,3141,8000,
1704,1000,2547,5120,8000,
1694,997,3019,105472,10000,
1742,998,3732,53277,12000,
2462,1000,4650,131142,12000,
2489,994,4034,25632,10000,
2521,994,4808,132166,12000,
2493,1000,4077,26761,10000,
2532,996,5582,82975,14000,
2581,997,4219,26730,10000,
2505,996,4166,26728,10000,
2355,1000,2654,125031,6000,
2524,1000,4913,132127,12000,
2480,999,4752,132163,12000,
2507,999,2616,124995,6000,
2500,996,4051,26762,10000,
2569,999,5703,83039,14000,
2501,998,4828,132159,12000,
2499,995,3383,75874,8000,
2594,1000,5047,133262,12000,
2519,1000,5422,82016,14000,
2536,999,4018,26624,10000,
2500,998,4842,132167,12000,
2536,997,4188,25663,10000,
2435,1000,2664,125039,6000,
2590,1000,4923,131102,12000,
2545,999,4035,26728,10000,
2451,1000,2667,124961,6000,
2506,997,5557,80995,14000,
2611,1000,6484,33933,16000,
2463,999,3996,26722,10000,
2451,997,3331,75880,8000,
2574,999,6333,32829,16000,
2575,1000,4150,25696,10000,
5717,1000,20929,166207,18000,
5683,999,13356,113431,12000,
5781,1000,24262,84853,22000,
5644,1000,11132,203071,10000,
5773,1000,16770,146411,14000,
5765,997,18873,181353,16000,
5664,1000,9227,135417,8000,
5770,1000,12035,56424,10000,
5685,999,13540,65721,12000,
5781,998,11554,197221,10000,
5601,1000,11248,26475,10000,
5742,999,14200,70578,12000,
5556,1000,9556,30939,8000,
5770,998,19989,130970,18000,
5573,1000,7045,184448,6000,
5727,1000,15741,124081,14000,
5724,1000,11430,201990,10000,
5622,1000,11201,201973,10000,
5730,1000,11540,203955,10000,
5543,998,11247,37193,10000,
5744,998,13567,90351,12000,
5590,999,13317,87892,12000,
5630,1000,6857,27674,6000,
5627,999,9716,8684,8000,
5631,999,7046,46138,6000,
5683,998,11402,193538,10000,
5695,1000,18626,170133,16000,
5611,1000,9071,135263,8000,
5732,1000,11238,12566,10000,
5460,1000,13916,144376,12000,
7156,998,10086,116993,6000,
7163,1000,6498,66733,4000,
7078,1000,6539,51973,4000,
7128,999,6561,48222,4000,
7148,1000,9724,144020,6000,
7166,1000,6578,88336,4000,
7120,1000,6549,47088,4000,
7131,1000,6548,33602,4000,
7169,1000,9341,205116,6000,
7156,1000,6616,46007,4000,
7191,999,12834,165473,8000,
7181,1000,9817,99970,6000,
7128,997,6294,114968,4000,
7122,999,9644,125034,6000,
7163,1000,6584,68302,4000,
7145,1000,6274,116178,4000,
7118,1000,6536,52337,4000,
7184,1000,9718,116908,6000,
7192,999,9626,101490,6000,
7147,1000,6356,102020,4000,
7198,1000,6555,29864,4000,
7159,1000,12868,185504,8000,
7126,997,6544,40815,4000,
7183,1000,15830,39039,10000,
7149,1000,6570,26831,4000,
7175,1000,16143,51039,10000,
7144,1000,6523,28007,4000,
7127,1000,9714,99455,6000,
7154,999,6574,34004,4000,
7172,1000,9744,91113,6000,
8111,1000,12352,116019,6000,
8069,998,8564,121369,4000,
8056,1000,8801,117514,4000,
8055,1000,8688,123830,4000,
8126,1000,12278,135511,6000,
8090,1000,12532,101264,6000,
8060,996,8592,130984,4000,
8064,1000,8676,130120,4000,
8064,998,8728,125991,4000,
7999,999,8576,125148,4000,
8010,1000,8608,113705,4000,
8026,1000,8549,121541,4000,
8079,1000,8780,119198,4000,
8103,999,8804,122769,4000,
8073,1000,12529,111037,6000,
8040,999,8687,113912,4000,
7989,1000,8584,125475,4000,
8044,1000,20219,115778,10000,
8058,996,9046,116587,4000,
8107,1000,16429,116348,8000,
8058,999,12490,101614,6000,
8042,1000,8762,126793,4000,
8026,1000,8730,126334,4000,
8039,1000,8566,130849,4000,
8057,999,8744,125882,4000,
8061,1000,8621,130593,4000,
8094,1000,8715,92837,4000,
8030,1000,8863,124098,4000,
8050,1000,8486,123037,4000,
8113,1000,12504,131209,6000,
14013,1000,392050,249970,40000,
14232,1000,574578,315830,56000,
14840,1000,600011,881928,59420,
14167,1000,396518,1684573,64000,
14951,1000,600087,627850,59957,
14380,1000,600061,880941,59680,
14439,1000,531597,627830,56000,
14644,1000,600029,881928,59420,
13754,997,600011,301358,53842,
13631,999,600011,138186,52750,
13950,1000,573397,932657,54000,
13612,1000,595983,799684,56000,
13747,1000,576405,680173,52000,
14079,1000,600009,859181,56167,
13912,1000,600008,785158,57157,
13510,1000,600008,897342,53720,
13668,998,600011,630151,56497,
13925,1000,600012,968172,56242,
14501,1000,600097,821460,56000,
14065,1000,565429,892639,56000,
13895,997,600018,307318,53842,
14031,999,600019,196286,52805,
13861,998,560382,902770,52000,
14021,1000,595983,793682,56000,
13892,998,576405,691675,52000,
14362,1000,600025,848462,56101,
13985,1000,600012,786842,57138,
13630,1000,600019,889554,52705,
13759,998,567235,641565,56000,
13462,1000,600019,961996,57669,
11355,998,600021,329562,29212,
11486,996,600028,361877,28261,
10902,997,600021,1049912,28847,
10923,998,600018,391508,28121,
10707,1000,600009,1058236,28908,
11052,998,584294,408516,26000,
11171,997,600031,758862,29603,
10908,998,600101,691220,28937,
10993,1000,600024,1309788,29212,
11208,999,600042,823535,30064,
11503,1000,600017,926798,28477,
12138,1000,600029,1080341,27638,
11312,984,600019,334845,27236,
11601,999,600028,402858,27603,
11553,1000,600013,637017,27842,
10991,999,600041,408865,28385,
11256,999,600025,371034,28684,
11659,999,600031,192605,27991,
10989,1000,600006,854724,28005,
11250,999,600035,251312,28077,
9668,1000,158913,267712,16000,
12048,1000,301038,281311,32000,
12642,1000,485517,647397,48000,
12081,1000,316551,361995,34000,
11136,1000,314144,407019,30000,
12585,1000,316218,600018,27500,
13117,997,600006,903009,58624,
12581,1000,198365,215975,20000,
12202,1000,352871,150222,34000,
11601,999,600026,750331,10049,
12165,1000,600035,1184706,9075,
11025,1000,600022,795747,10374,
12066,1000,600045,94844,9228,
10932,1000,600024,165221,9280,
11896,1000,600056,831249,10498,
11697,997,600021,725540,10621,
11801,996,600045,895797,10411,
12019,998,600028,708612,10609,
12259,1000,600084,287561,10485,
11853,999,600030,89578,10221,
10561,1000,600019,165523,8980,
12360,1000,600057,84863,9159,
10897,999,600028,612917,10071,
11613,1000,600051,1497681,9194,
12106,1000,600061,297335,10029,
11729,998,600060,83287,12137,
10581,1000,600038,212543,10304,
10527,999,600060,73534,8651,
12212,999,600042,1024651,9497,
10462,995,600061,141606,8684,
11620,1000,600037,378812,9120,
10983,1000,600056,1869203,8611,
12135,999,600019,481250,9357,
10656,997,600041,2690170,8578,
10897,996,600057,577305,9364,
10368,998,600040,1698769,8740,
10571,1000,600039,591098,9129,
9444,995,600121,174020,9141,
9930,994,600018,601935,8948,
10360,999,600032,706846,8687,
10861,998,600091,1648810,4618,
9828,998,600145,1580008,4531,
10676,1000,600091,1059848,4690,
9292,1000,600132,1061133,4605,
11081,999,600087,2146258,4604,
8700,999,600073,141557,4598,
10965,999,600108,1653484,4731,
8948,1000,600142,2166029,4594,
9830,1000,600039,1832718,4908,
11259,1000,600123,3088922,4523,
10748,999,600191,2903740,4725,
11095,999,600144,1995873,4517,
10925,999,600065,2145737,4565,
11037,996,600101,1947210,4539,
9367,997,600037,2639941,4501,
11503,997,600134,2957069,4514,
8928,996,600092,1556690,4591,
11024,999,600124,2617832,4547,
10913,999,600076,1587981,4588,
10937,996,600034,1626502,4621,
10378,1000,600083,2760973,4664,
11241,997,600063,2591110,4636,
10763,999,600048,2477544,4638,
10843,1000,600051,1571061,4609,
11014,999,600097,2147046,4625,
10777,997,600065,2901480,4630,
10440,995,600122,3191272,4658,
10623,1000,600077,3214824,4646,
10911,999,600123,1328592,4623,
11213,998,600138,3307179,4617,
2367,2497,4420,51185,12000,
2367,2497,4085,108310,10000,
2367,2497,4495,104478,10000,
2367,2497,3291,99801,10000,
2367,2497,3737,105502,10000,
2367,2497,4012,101213,10000,
2367,2497,3724,102430,10000,
2367,2497,4165,108115,10000,
2367,2497,3862,104448,10000,
2367,2497,3915,10375,10000,
2367,2497,3802,104478,10000,
2367,2497,4010,102247,10000,
2367,2497,3203,3060,8000,
2367,2497,4124,9725,8000,
2367,2497,3726,105503,10000,
2367,2497,3017,92335,8000,
2367,2497,3664,104479,10000,
2367,2497,3058,101885,8000,
2367,2497,3721,103424,10000,
2367,2497,3612,92275,10000,
2367,2497,3662,104511,10000,
2367,2497,4002,90027,10000,
2367,2497,3674,105472,10000,
2367,2497,3028,75771,10000,
2367,2497,3156,3135,8000,
2367,2497,3097,4080,8000,
2367,2497,3648,104478,10000,
2367,2497,3596,78212,8000,
2367,2497,3727,105535,10000,
2367,2497,3786,61313,8000,
5088,5000,7347,82051,14000,
5065,5000,6701,85065,12000,
5047,4994,6529,131138,12000,
5068,4987,6560,30450,12000,
5082,4999,8242,32808,16000,
5028,4997,7198,90571,14000,
5046,4989,6416,130193,12000,
5041,4999,5934,91459,10000,
5082,4994,6354,130182,12000,
5080,4999,5701,31103,10000,
5067,4999,7399,80994,14000,
5046,4997,5185,31982,10000,
5019,4997,6299,130079,12000,
5080,4999,6890,85336,14000,
5068,4997,6351,130156,12000,
5025,4999,6141,33296,12000,
5050,4999,6386,130080,12000,
5061,4994,6609,45201,12000,
5071,4991,8372,31813,16000,
5090,4993,8165,42855,14000,
5080,4997,7154,80896,14000,
5084,4996,7287,83661,14000,
5088,5000,8263,31809,16000,
5028,4999,6356,30068,12000,
5068,4997,6422,131104,12000,
5081,4997,8280,135628,16000,
5067,4982,7353,79983,14000,
5046,4989,6501,76819,12000,
5084,4997,7547,80958,14000,
5065,4980,6187,81151,12000,
12502,4999,36145,12204,28000,
12352,5000,28645,12095,22000,
12505,5000,48156,15016,38000,
12460,4998,36431,21071,28000,
12467,4998,33730,108735,26000,
12471,4998,31833,13589,24000,
12510,4999,50501,168168,40000,
12190,4996,52220,77656,42000,
12464,4996,38433,76892,30000,
12464,4996,42247,35761,34000,
12464,5000,38121,32989,30000,
12420,5000,38178,42217,30000,
12342,4997,28710,122323,22000,
12374,4998,31398,66362,24000,
12391,4996,38577,115115,30000,
12381,4996,42488,24056,34000,
12367,4999,33552,182042,26000,
12415,5000,29804,144401,22000,
12177,4998,23790,177483,18000,
12351,4996,35964,102567,28000,
12477,4994,43093,46919,34000,
12518,5000,31052,82353,24000,
12501,4999,36318,133295,28000,
12391,4996,24425,34459,18000,
12249,5000,28449,167581,22000,
12464,4996,35247,14307,28000,
12348,4998,40700,187360,32000,
12505,5000,26337,58419,22000,
12427,4999,38557,53231,30000,
12505,4999,31149,47204,24000,
15179,5000,69012,14387,40000,
15009,5000,71095,94783,42000,
14988,4999,78025,105120,46000,
14661,4999,56509,99333,34000,
14926,5000,48838,46429,28000,
15082,5000,68311,110749,40000,
15041,5000,65464,124375,38000,
15029,5000,53208,83203,32000,
14847,4999,45211,152175,26000,
15001,4999,57339,96064,34000,
15022,4999,78051,138616,46000,
14282,5000,66405,80133,38000,
15009,5000,75156,141941,44000,
14696,5000,55335,72298,32000,
14939,4999,61378,82304,36000,
14643,5000,56807,75944,34000,
14991,5000,74232,74089,44000,
15004,4999,71086,121675,42000,
14880,5000,61661,56001,36000,
15040,5000,71476,70340,42000,
15016,4999,68221,77237,40000,
14991,5000,60450,111616,36000,
14912,5000,58199,105843,34000,
14381,4999,51195,99031,30000,
14642,5000,44871,150063,26000,
14990,5000,58422,97522,34000,
14992,5000,68368,112106,40000,
15021,5000,61822,70149,36000,
15042,5000,71502,147705,42000,
14502,4999,41992,49384,24000,
17572,4997,102857,275976,48000,
17462,5000,54382,164450,26000,
17442,5000,78032,43949,36000,
17259,5000,71810,49067,32000,
17457,4999,99061,219089,46000,
17207,5000,54362,81406,26000,
17195,5000,52532,45812,24000,
17504,5000,52338,124804,24000,
17353,4998,69385,342388,32000,
17398,4999,69811,56253,32000,
17314,4999,57311,95766,26000,
17475,5000,81906,201638,30000,
17590,5000,90854,260557,42000,
17197,4997,48852,49659,22000,
17453,4997,69733,345626,32000,
17346,5000,77604,78680,38000,
17535,4999,102753,314706,48000,
17277,5000,68743,64537,30000,
17259,5000,61169,60249,28000,
17331,5000,71237,216399,36000,
17386,5000,77632,45211,36000,
17327,4997,59056,91027,30000,
17395,4998,57562,28578,26000,
17401,5000,81551,39751,38000,
17209,4999,65113,333055,30000,
17484,5000,88840,151635,40000,
17559,5000,98512,214304,46000,
17575,4999,59901,39705,28000,
17398,5000,77824,269897,36000,
17516,5000,52018,201248,24000,
35324,5000,504148,1001247,50000,
36031,5000,586265,975291,56000,
35677,5000,595102,940040,58000,
35919,5000,600014,769415,61444,
35816,4999,600008,466403,59008,
35724,4995,600011,1026907,59074,
35672,5000,520172,612340,50000,
35715,5000,600017,921615,59435,
35717,5000,600015,582300,58327,
36157,4997,600007,966138,59449,
35605,5000,600051,909804,58220,
35994,4999,600029,1035450,58230,
35083,5000,600072,1360716,58207,
35819,5000,600079,891067,57921,
36011,4999,600089,465990,58419,
36041,4998,600014,667281,58859,
36306,4999,600018,693284,59701,
35914,5000,600012,499876,58419,
35865,4998,600016,289115,59963,
36072,5000,600009,778540,60006,
36097,5000,600011,919308,60066,
35707,4998,600010,751485,59993,
36103,5000,600015,452404,60324,
35907,5000,600008,161686,59434,
35849,5000,600016,413486,58860,
34921,5000,412438,716962,40000,
35585,5000,600013,181376,58210,
36074,5000,600009,972370,59712,
34922,5000,457200,921054,46000,
35682,5000,600010,996679,60398,
39228,5000,600022,1305426,28311,
38992,4993,600013,1336871,28371,
38881,5000,600019,1125163,28661,
39875,5000,600012,594336,28532,
38578,4997,600015,768239,29266,
38979,4996,600011,342152,29220,
39276,4995,600024,347468,27392,
38991,5000,600014,1128139,27518,
39252,4997,600020,658389,29076,
39320,4998,600012,677396,29035,
38840,4997,600026,1026262,27523,
37959,5000,600027,1280326,27536,
39702,4998,600020,928314,28320,
38310,5000,600019,1038726,27709,
38931,4996,600027,1354480,28756,
38224,4994,600028,460991,28571,
40185,4999,600017,893667,29101,
39142,5000,600030,533007,28641,
39193,5000,600009,932442,28820,
38758,4996,600022,940575,28540,
38417,4995,600027,708817,28636,
39005,5000,600031,1332902,27633,
39297,5000,600026,1363396,28962,
39126,4999,600031,341680,28075,
38757,5000,600028,582166,28619,
38898,4999,600023,726231,27703,
39252,4996,600026,316943,27483,
39251,4996,600014,1369153,28582,
39047,4999,600023,517335,28608,
39565,4999,600020,1046012,28558,
35108,4999,600051,3260806,5054,
34064,4994,600131,1024197,5129,
34343,4994,600098,3083800,4964,
34342,4999,600141,123623,5233,
33739,4998,600038,3339143,5148,
34748,4997,600117,198511,4987,
33847,4993,600088,209093,5164,
34813,4997,600082,2773315,5075,
35096,4999,600103,161284,7275,
34516,5000,600031,94112,7335,
34675,4999,600099,2062225,7501,
35670,5000,600066,120931,7305,
35471,5000,600082,102457,7228,
35137,4997,600103,68587,7303,
35203,4996,600065,1518642,7092,
34863,4996,600089,2396697,7129,
35673,4997,600029,2388944,7296,
35179,4997,600105,160623,7073,
35601,4997,600075,812351,7250,
35491,4998,600071,695023,7158,
35431,4997,600064,1660685,6981,
35103,5000,600086,1291421,7076,
35091,4991,600014,1535152,6954,
35042,5000,600081,1218054,7235,
34999,4994,600058,2263821,7120,
35610,4991,600062,108057,7297,
35514,4996,600068,72413,7130,
35691,4995,600078,127325,7075,
35289,4998,600081,2302684,7288,
35302,4993,600045,1570944,7304,
34247,4996,600111,1798096,3947,
33909,4993,600196,2932641,3983,
34260,4995,600154,3272656,4013,
33366,4999,600080,1896986,4075,
33643,4993,600139,1722125,4025,
34325,4988,600146,2662158,4013,
34684,4996,600138,1802583,3957,
34625,4996,600069,1632161,3897,
33496,4999,600049,208703,4035,
33900,4999,600158,1711494,3987,
34821,4985,600128,2401134,3947,
34082,4998,600047,2791181,3989,
33550,5000,600186,3257101,3971,
34167,4999,600106,2691024,3929,
34036,4999,600146,3333608,3925,
34108,4996,600095,3025460,3940,
33634,4999,600148,1776397,4025,
34510,5000,600072,2497488,3943,
34735,4994,600114,2086376,3982,
34214,5000,600228,2699216,4001,
34217,4999,600104,2680207,3966,
33381,4999,600079,2808175,4037,
34452,5000,600118,1920343,4101,
33882,4996,600160,3077415,4169,
33961,4999,600140,2916011,4098,
34709,4995,600166,1945738,4053,
34270,5000,600040,1512791,3964,
34516,5000,600153,1627088,4028,
35062,4998,600186,3026556,4053,
35152,5000,600058,2674250,4060,
2597,2570,2369,133182,8000,
2597,2570,2672,2034,10000,
2597,2570,2186,133120,8000,
2597,2570,2673,2110,10000,
2597,2570,2226,132096,8000,
2597,2570,2288,133184,8000,
2597,2570,2216,133120,8000,
2597,2570,2656,155640,10000,
2597,2570,2218,133151,8000,
2597,2570,2659,3134,10000,
2597,2570,2660,155628,10000,
2597,2570,2236,133120,8000,
2597,2570,2236,132127,8000,
2597,2570,2206,133160,8000,
2597,2570,2241,133118,8000,
2597,2570,2275,132096,8000,
2597,2570,2236,133189,8000,
2597,2570,2225,133120,8000,
2597,2570,2295,133152,8000,
2597,2570,2239,132127,8000,
2597,2570,2227,132092,8000,
2597,2570,2221,132127,8000,
2597,2570,2659,2078,10000,
2597,2570,2691,3141,10000,
2597,2570,2214,133190,8000,
2597,2570,2234,133160,8000,
2597,2570,2682,1054,10000,
2597,2570,2230,131110,8000,
2597,2570,2244,133120,8000,
2597,2570,2215,132160,8000,
4986,5382,4724,85062,12000,
4986,5382,4465,88125,12000,
4986,5382,4583,86111,12000,
4986,5382,4083,59425,10000,
4986,5382,4567,87137,12000,
4986,5382,4607,87104,12000,
4986,5382,3910,60448,10000,
4986,5382,4742,87110,12000,
4986,5382,4580,86080,12000,
4986,5382,4624,86048,12000,
4986,5382,4695,86047,12000,
4986,5382,4531,87071,12000,
4986,5382,4659,85055,12000,
4986,5382,4741,87110,12000,
4986,5382,4014,59467,10000,
4986,5382,4054,59433,10000,
4986,5382,3988,58470,10000,
4986,5382,4614,86084,12000,
4986,5382,4611,86046,12000,
4986,5382,4602,87101,12000,
4986,5382,4633,86016,12000,
4986,5382,3977,59424,10000,
4986,5382,3916,59456,10000,
4986,5382,4605,86055,12000,
4986,5382,5285,114751,14000,
4986,5382,4687,85054,12000,
4986,5382,4550,86047,12000,
4986,5382,3973,59489,10000,
4986,5382,5821,113726,14000,
4986,5382,4998,87133,12000,
17952,9997,36505,151688,36000,
17788,9998,30928,22502,32000,
17516,10000,23689,120937,24000,
17888,9999,31041,23571,32000,
17920,9998,38740,79912,40000,
17973,10000,31259,22560,32000,
17808,9999,29086,125034,30000,
17829,9995,34243,126961,36000,
17849,9996,31325,22727,32000,
17803,10000,29098,125096,30000,
17774,10000,25743,17426,26000,
17956,10000,38512,77870,40000,
17856,9997,32990,76033,34000,
17960,9995,41798,27748,44000,
17919,10000,34624,129251,36000,
17929,9998,36760,26581,38000,
17986,9998,42089,28716,44000,
17813,9996,31085,23630,32000,
17892,9997,27459,70665,28000,
17994,9992,34676,128162,36000,
17903,10000,41824,27844,44000,
17651,9999,20102,14370,20000,
17771,9996,30686,21608,32000,
17826,9998,29074,125094,30000,
17929,9997,32998,79004,34000,
17757,9998,29498,124962,30000,
17756,9996,25912,19518,26000,
17836,10000,37544,128138,36000,
17858,9998,34639,125039,36000,
17905,9999,40033,131086,42000,
22078,10000,48901,26853,38000,
22067,10000,56048,166092,44000,
22124,9999,51759,137312,40000,
22290,10000,72088,42135,56000,
22227,9998,61351,65313,48000,
22108,9999,58463,137448,46000,
22108,10000,48747,154834,38000,
22061,10000,44405,169200,34000,
22187,9997,56761,115648,44000,
22106,10000,59092,41188,46000,
21894,9999,44203,79865,34000,
21981,10000,46645,169667,36000,
22193,9998,63696,7461,50000,
22116,10000,48985,135439,38000,
22072,9998,47158,44161,36000,
22205,9998,47159,87203,36000,
22153,10000,63750,71602,50000,
22156,9997,58128,85225,46000,
22243,9993,56921,200947,44000,
22194,10000,53936,90840,42000,
21861,9998,39031,160930,30000,
22084,10000,58544,98375,46000,
22107,9999,56373,64562,44000,
22192,10000,69072,115763,54000,
21981,9999,44002,63787,34000,
22087,10000,54011,162925,42000,
21987,9998,48846,137118,38000,
22064,9999,46777,85980,36000,
22320,9999,64551,125889,50000,
21979,9992,46454,174058,36000,
25396,9998,77091,19117,48000,
25558,10000,114656,114397,72000,
25595,9998,102935,153159,66000,
24994,9997,59748,106065,38000,
25490,9999,98933,119917,64000,
25254,9999,80669,108322,52000,
25260,9996,66190,201109,42000,
25147,10000,65660,124493,42000,
25430,9998,89906,119255,58000,
25074,9999,65744,51680,42000,
25422,9997,69096,88684,44000,
25328,9999,77599,23100,50000,
25328,9999,78234,82112,50000,
25504,10000,90105,122270,58000,
25393,9999,98165,195145,64000,
25571,9997,96171,165292,62000,
25318,9998,80577,118692,52000,
25366,9999,87236,119331,56000,
25422,10000,75195,109153,48000,
25595,9999,93771,199436,60000,
25359,9999,80764,211396,52000,
25396,10000,69383,158369,44000,
25520,10000,90193,15864,58000,
25347,9999,95514,215805,62000,
25348,10000,75274,140742,48000,
25251,10000,65932,124501,42000,
25303,10000,69502,37393,44000,
25423,9999,83883,191084,54000,
25281,9997,74694,24097,48000,
25391,9998,80965,185068,52000,
56670,10000,48124,622500,6000,
56847,9999,46858,689209,6000,
56711,10000,30932,731536,4000,
56703,10000,30785,597504,4000,
56725,10000,32029,231114,4000,
56720,10000,31502,741113,4000,
56801,10000,31023,670720,4000,
56746,9999,46125,170926,6000,
56663,9997,61186,439523,8000,
56821,9999,46130,633541,6000,
56712,10000,30569,699736,4000,
56771,10000,30456,711680,4000,
56650,10000,31032,487763,4000,
56757,10000,46589,490472,6000,
56671,10000,31367,269034,4000,
56694,10000,46328,553136,6000,
56657,10000,31098,685413,4000,
56683,9999,32218,100400,4000,
56787,10000,46571,187628,6000,
56676,9998,30622,722944,4000,
56759,10000,46111,668762,6000,
56694,10000,30988,749568,4000,
56784,9999,32039,509965,4000,
56840,10000,60432,681364,8000,
56752,10000,30982,424987,4000,
56793,9999,46052,448280,6000,
56626,10000,31004,680960,4000,
56888,9998,106748,580364,14000,
56744,10000,61597,720053,8000,
56768,10000,46372,396795,6000,
69810,10000,600025,604594,36939,
69317,10000,600026,434561,37509,
69104,9995,600021,964855,35239,
69426,9998,600027,1179561,36727,
69378,10000,600012,763144,38141,
68984,10000,600022,601832,35546,
69606,10000,600029,859070,36301,
69274,9999,600029,827529,35309,
69385,9999,600023,737911,36694,
69776,9998,600018,812610,37741,
69943,10000,600012,239052,38041,
69650,10000,600017,870232,37695,
69481,9998,600027,1040122,37776,
68728,9999,600024,635108,36822,
70109,10000,600020,886090,37849,
69377,9999,600027,637258,37680,
69494,10000,600024,430220,35805,
69319,10000,600022,383933,35480,
69304,10000,600017,475150,37861,
69853,9998,600019,288166,37311,
69157,9996,600025,518278,35832,
69449,9997,600017,871642,34945,
69190,9998,600024,431933,35837,
69119,9998,600021,444902,36728,
69547,10000,600016,655778,35315,
69866,9996,600021,945638,35114,
69018,9995,600021,274105,36058,
69644,9994,600018,349240,36723,
69239,9996,600019,344586,38266,
69564,9988,600027,439467,38103,
65544,10000,600092,2178780,6403,
64911,9989,600087,832415,6485,
64460,10000,600078,102986,6641,
66013,10000,600056,1795414,6520,
66118,9992,600102,2180869,6594,
65366,9993,600105,2483488,6512,
65881,9999,600114,128781,6775,
64741,9998,600086,2009237,6636,
65175,9999,600052,1434441,6689,
65375,10000,600110,2181046,6493,
64674,9995,600053,2389773,6555,
64745,10000,600067,111520,6670,
66839,9995,600062,158819,6564,
65201,9999,600095,1581935,6692,
65406,9995,600063,2064067,6628,
65361,9998,600043,94015,6585,
66032,9997,600077,98013,6551,
64923,9998,600071,133657,6754,
64103,9997,600096,1951856,6513,
64315,10000,600089,153260,6671,
65203,9985,600086,118932,6576,
64925,10000,600085,1624050,6716,
66177,9996,600051,1367383,6612,
67304,10000,600055,2035627,6457,
65623,9995,600094,149114,6681,
66229,9987,600121,121029,6579,
65194,9995,600088,653581,6658,
65207,9994,600100,1616799,6606,
66294,9996,600050,1394687,6631,
66418,9999,600089,112836,6702,
65419,9995,600127,2402120,3612,
64672,10000,600147,1776006,3708,
64759,9999,600123,2952680,3593,
64302,9997,600084,1661002,3720,
65539,10000,600175,2876294,3603,
63660,9988,600071,3119201,3701,
64742,9995,600176,3188688,3545,
64454,9994,600054,2637977,3670,
64690,9993,600045,2342669,3703,
64994,9998,600159,2681574,3505,
63813,9998,600093,2609593,3447,
63715,9998,600123,2045122,3692,
65218,10000,600104,3031969,3658,
64163,9998,600175,2848282,3612,
64826,9995,600183,1174687,3545,
63993,9994,600139,1906030,3740,
65278,9999,600201,1301311,3567,
65276,9997,600160,2175073,3571,
64271,9999,600079,2206625,3705,
65761,9996,600117,3001492,3563,
65497,9993,600154,3420210,3684,
65105,10000,600152,1529264,3566,
64893,10000,600132,2337013,3581,
64954,9992,600171,3135976,3614,
64742,9992,600089,3377593,3737,
65463,9986,600153,182420,3611,
64520,10000,600152,1615094,3578,
63963,9997,600102,2173709,3535,
65202,10000,600169,2276695,3440,
65252,10000,600078,104353,3441,
2377,2267,3556,92988,10000,
2377,2267,3548,95352,10000,
2377,2267,3339,95308,10000,
2377,2267,3465,92976,10000,
2377,2267,3440,93040,10000,
2377,2267,3452,93103,10000,
2377,2267,3355,93040,10000,
2377,2267,3426,95306,10000,
2377,2267,3417,93048,10000,
2377,2267,3436,92972,10000,
2377,2267,4032,11733,12000,
2377,2267,3460,92972,10000,
2377,2267,3485,92968,10000,
2377,2267,3430,92961,10000,
2377,2267,3415,92948,10000,
2377,2267,3436,93036,10000,
2377,2267,2851,75385,8000,
2377,2267,3428,93066,10000,
2377,2267,2897,75369,8000,
2377,2267,3812,93019,10000,
2377,2267,2873,75318,8000,
2377,2267,3386,92929,10000,
2377,2267,3395,92975,10000,
2377,2267,3334,77762,8000,
2377,2267,3423,92969,10000,
2377,2267,2811,77839,8000,
2377,2267,3405,93031,10000,
2377,2267,3523,92967,10000,
2377,2267,3457,95351,10000,
2377,2267,3417,93048,10000,
4976,5138,5791,87200,12000,
4976,5138,7115,25384,14000,
4976,5138,7312,25420,14000,
4976,5138,6962,25488,14000,
4976,5138,6052,82975,12000,
4976,5138,7832,85141,16000,
4967,5057,5697,85169,12000,
4976,5138,7804,25448,14000,
4976,5138,6804,27386,14000,
4976,5138,5768,85235,12000,
4976,5138,5796,83114,12000,
4976,5138,6728,27521,14000,
4976,5138,6906,25436,14000,
4976,5138,6767,25302,14000,
4976,5138,6868,25304,14000,
4976,5138,6033,83063,12000,
4976,5138,6707,25224,14000,
4976,5138,6750,25476,14000,
4976,5138,6900,27499,14000,
4976,5138,6735,25440,14000,
4976,5138,6721,27341,14000,
4976,5138,6690,27241,14000,
4976,5138,6550,27398,14000,
4976,5138,6630,27449,14000,
4976,5138,5679,85203,12000,
4973,5050,6776,23306,14000,
4976,5138,6637,27534,14000,
4976,5138,6587,27397,14000,
4976,5138,6808,25320,14000,
4976,5138,6720,27395,14000,
24587,24612,50051,212374,34000,
24587,24612,45166,925446,32000,
24587,24612,51793,481377,36000,
24587,24612,50248,481440,36000,
24587,24612,50828,481457,36000,
24587,24612,47827,193312,34000,
24587,24612,51051,481544,36000,
24587,24612,62783,481582,36000,
24587,24612,49057,193044,34000,
24587,24612,50870,193234,34000,
24583,24609,48537,212363,34000,
24587,24612,49198,212401,34000,
24587,24612,52161,481532,36000,
24587,24612,49473,193153,34000,
24587,24612,51220,481399,36000,
24587,24612,50660,481437,36000,
24587,24612,52388,481374,36000,
24587,24612,50299,481601,36000,
24587,24612,48604,193122,34000,
24587,24612,51489,481818,36000,
24587,24612,51649,481593,36000,
24587,24612,48698,193454,34000,
24587,24612,50973,481575,36000,
24587,24612,51619,481576,36000,
24587,24612,47818,193157,34000,
24587,24612,50225,481481,36000,
24587,24612,53132,481658,36000,
24587,24612,51762,481398,36000,
24587,24612,52408,481401,36000,
24587,24612,52388,481374,36000,
36999,36423,89955,1579032,44000,
36999,36423,97250,589096,48000,
36996,36345,93545,282849,46000,
36999,36423,94371,283195,46000,
36999,36423,103865,895394,50000,
36999,36423,105145,895491,50000,
36999,36423,103296,589352,48000,
36999,36423,99942,589435,48000,
36999,36423,98822,589193,48000,
36999,36423,95420,282882,46000,
36999,36423,96738,282962,46000,
36994,36374,90929,1579242,44000,
36997,36355,95723,283246,46000,
36999,36423,99351,589222,48000,
36999,36423,95964,282997,46000,
36999,36423,98999,199890,46000,
36999,36423,99028,589134,48000,
36997,36404,97448,282797,46000,
36999,36423,90889,1579340,44000,
36999,36423,101584,895346,50000,
36999,36423,93061,283007,46000,
36999,36423,121905,589020,48000,
36999,36423,117952,282798,46000,
36999,36423,103420,282815,46000,
36999,36423,93500,1579458,44000,
36998,36393,90250,1579420,44000,
36999,36423,91420,282818,46000,
36999,36423,97173,588687,48000,
36999,36423,93629,1579469,44000,
49292,49082,171729,464638,60000,
49292,49082,168039,819412,62000,
49292,49082,158593,464301,60000,
49292,49082,160514,464700,60000,
49291,49052,166097,819538,62000,
49292,49082,147439,2510399,56000,
49292,49082,160694,160325,58000,
49292,49082,157579,160020,58000,
49292,49082,153030,2510620,56000,
49292,49082,163305,464583,60000,
49292,49082,158192,464562,60000,
49291,49067,157445,160032,58000,
49292,49082,147535,2510688,56000,
49292,49082,164889,819634,62000,
49287,49039,143073,2190745,54000,
49292,49082,152299,160205,58000,
49292,49082,152296,160517,58000,
49289,48991,155173,160207,58000,
49292,49082,154155,159990,58000,
49291,49067,153812,160346,58000,
49292,49082,152063,160234,58000,
49292,49082,155070,2510603,56000,
49292,49082,154841,160184,58000,
49292,49082,153890,160154,58000,
49292,49082,165405,160002,58000,
49292,49082,150889,2510392,56000,
49290,49009,148957,2510331,56000,
49289,48990,151738,2510515,56000,
49292,49082,143656,2191371,54000,
49290,49014,148036,2510329,56000,
49292,49008,150804,2510472,56000,
115798,49976,600022,1079758,46315,
115378,49994,600022,509270,50809,
114472,49999,600028,1395304,30175,
114745,49995,600017,1708566,31080,
109220,50000,600018,802118,54244,
115212,49995,600018,1028541,31065,
116283,49997,600013,653571,34855,
112963,49987,600029,1760811,24281,
115324,49998,600023,2440856,33031,
115712,49985,600043,250641,34128,
115338,49969,600015,347073,32711,
114820,49980,600019,2490488,33177,
115450,49995,600022,140159,33848,
107421,50000,600013,252364,52784,
114907,49995,600023,2300175,34104,
108223,49997,600019,635465,53757,
112671,50000,600029,598451,51208,
108100,49983,600012,424242,51323,
104916,49985,600011,1085913,62373,
108620,49956,600020,571083,57027,
108479,49996,600016,603534,56754,
108705,49999,600017,810109,54244,
115045,50000,600081,651244,54054,
109392,49996,600015,226284,56112,
114220,49998,600032,689540,52546,
107116,49982,600013,688360,52056,
112601,49992,600021,745115,52384,
107677,49998,600011,357243,53026,
109855,49999,600087,568487,53245,
107789,49996,600035,318937,52909,
154603,49998,600028,512285,34608,
152285,49988,600032,447706,24909,
154201,49992,600021,921128,38102,
159121,49993,600024,1004526,37648,
156307,50000,600021,801356,36512,
157634,50000,600016,404264,36308,
156548,50000,600098,575209,36281,
158027,49983,600028,507424,36546,
157212,49978,600028,720391,35195,
157242,49961,600020,875379,34554,
157601,49966,600027,932261,34812,
157661,49986,600022,1260724,32586,
158021,50000,600029,990354,34002,
157261,49985,600029,382380,33567,
157845,50000,600078,418951,34109,
157882,49998,600026,239148,36634,
156699,49995,600048,593921,35692,
157836,49997,600023,565516,36688,
158763,50000,600062,1063569,38115,
130186,49962,600024,1272550,40908,
155848,49992,600081,744919,38401,
145815,49991,600017,979095,40319,
157272,49992,600035,1206620,38665,
145078,49983,600024,724702,39765,
150881,49984,600072,598671,36925,
145017,50000,600025,1297060,38257,
159053,49999,600065,653361,38015,
142803,49987,600023,510032,36627,
158371,49989,600039,1465129,36182,
144351,49967,600024,615300,36758,
307527,49991,600047,1746445,4775,
387548,50000,454910,1522735,4000,
304976,50000,600219,1201828,4065,
388030,49998,600115,1162378,5199,
381046,50000,600087,2415220,5429,
387918,50000,600114,1266010,5575,
302481,50000,600078,1643541,6001,
387700,49991,600103,1207982,5540,
384632,50000,600049,2451225,4912,
304009,49995,600178,1713670,4383,
301736,49994,600169,2574584,4683,
302553,50000,600090,2364795,4554,
304771,49994,600071,1354268,4561,
303842,50000,600166,2326821,4470,
304753,49998,600190,2134231,4347,
304094,50000,600055,2205404,4421,
303385,50000,600133,1971408,4394,
302603,49993,600099,2336209,4499,
302925,49999,600103,1361459,4584,
304347,49999,600175,1560234,4236,
303973,49999,600092,1695982,4292,
305433,50000,600055,2480377,6880,
304444,49998,600049,3097889,6752,
304070,49994,600073,1224412,6850,
303524,49998,600080,1349016,6949,
303980,49997,600072,3000756,6723,
303813,50000,600048,2857834,6653,
303183,49998,600098,2444498,6857,
302287,49998,600039,2956804,6600,
302669,49989,600056,2819394,6568,
303657,49990,600082,2320159,2829,
302193,49999,600069,2457623,2935,
303950,49998,600171,3151918,3185,
305144,49998,600128,2975161,3692,
304432,49999,600075,2934003,2110,
303753,49992,600141,2542672,3233,
304481,50000,600114,1592858,3125,
302130,49998,600124,1844762,2806,
304573,49993,600179,1975369,2888,
306628,50000,600239,890674,2923,
303419,49990,600207,2471450,2859,
302245,49995,600240,3239157,2823,
302596,49998,600157,3214921,2822,
303207,49989,600248,2343157,2826,
303348,50000,600164,1453958,2835,
302536,49998,600098,2371922,2767,
303953,50000,600086,2831508,2845,
304431,49997,600163,1929047,2838,
305014,50000,600229,2914499,2806,
304555,50000,600245,2738542,2799,
303110,49995,600307,1281749,2809,
304066,50000,600197,2019304,2798,
303336,49998,600186,148092,2836,
301504,50000,600220,1082711,3016,
301920,49997,600143,202663,2973,
303267,49996,600222,2386216,2908,
302832,49996,600235,2067166,3005,
303264,50000,600177,3081997,2937,
302221,49996,600130,2756560,2940,
301819,49987,600182,3073414,2962,
2703,2632,2131,133120,8000,
2703,2632,2180,134175,8000,
2703,2632,2609,2078,10000,
2703,2632,2168,133120,8000,
2703,2632,2249,134175,8000,
2703,2632,2191,134176,8000,
2703,2632,2132,133120,8000,
2703,2632,2107,133151,8000,
2703,2632,2559,3072,10000,
2703,2632,2540,4127,10000,
2703,2632,2125,133150,8000,
2703,2632,2540,2109,10000,
2703,2632,2122,134183,8000,
2703,2632,2557,2026,10000,
2703,2632,2126,134209,8000,
2703,2632,2155,133120,8000,
2703,2632,2152,133183,8000,
2703,2632,2152,135200,8000,
2703,2632,2106,134176,8000,
2703,2632,2543,2042,10000,
2703,2632,2536,1155,10000,
2703,2632,2151,134176,8000,
2703,2632,2115,133183,8000,
2703,2632,2120,134175,8000,
2703,2632,2136,134144,8000,
2703,2632,2542,2078,10000,
2703,2632,2114,134175,8000,
2703,2632,2538,1084,10000,
2703,2632,2175,134136,8000,
2703,2632,2133,132086,8000,
5050,5278,4355,87102,12000,
5050,5278,4389,87105,12000,
5050,5278,4411,84990,12000,
5050,5278,4392,86088,12000,
5050,5278,3809,59392,10000,
5050,5278,4321,88137,12000,
5050,5278,4345,87040,12000,
5050,5278,4467,86077,12000,
5050,5278,4485,87071,12000,
5050,5278,4464,86055,12000,
5050,5278,4422,88096,12000,
5050,5278,5236,113795,14000,
5050,5278,4402,87071,12000,
5050,5278,4375,85959,12000,
5050,5278,4425,87111,12000,
5050,5278,3817,59388,10000,
5050,5278,4466,87071,12000,
5050,5278,4520,88064,12000,
5050,5278,4454,86046,12000,
5050,5278,4912,114783,14000,
5050,5278,4302,88129,12000,
5050,5278,4498,87040,12000,
5050,5278,4505,88166,12000,
5050,5278,4436,87135,12000,
5050,5278,4316,87104,12000,
5050,5278,5102,113762,14000,
5050,5278,5260,114786,14000,
5050,5278,4340,87138,12000,
5050,5278,5207,113703,14000,
5050,5278,4588,88064,12000,
25046,25052,32923,123145,30000,
25046,25052,33032,119784,30000,
25046,25052,28968,15394,26000,
25029,25006,32092,67614,28000,
25046,25052,30969,71918,28000,
25046,25052,33187,120796,30000,
25045,25033,31324,69679,28000,
25046,25052,33563,120916,30000,
25046,25052,33036,123941,30000,
25046,25052,35132,16427,32000,
25045,25003,28825,16588,26000,
25046,25052,30873,69833,28000,
25046,25052,30957,68820,28000,
25046,25052,32704,123073,30000,
25046,25052,30655,67712,28000,
25046,25052,31089,65751,28000,
25046,25052,30939,69715,28000,
25046,25052,31291,68801,28000,
25046,25052,32833,119986,30000,
25046,25052,31119,68776,28000,
25046,25052,30962,69884,28000,
25046,25052,31602,67787,28000,
25045,25003,30918,66563,28000,
25046,25052,28924,19481,26000,
25046,25052,33355,122001,30000,
25046,25052,31481,68807,28000,
25043,24979,29028,18644,26000,
25046,25052,30824,70882,28000,
25046,25052,32762,118991,30000,
25046,25052,31073,71734,28000,
37069,37922,57116,72012,36000,
37069,37922,62288,93567,40000,
37069,37922,62451,93375,38000,
37068,37833,58044,29980,36000,
37069,37922,60079,51204,38000,
37069,37922,62487,90882,40000,
37069,37922,56766,171159,36000,
37069,37922,60196,210665,38000,
37069,37922,60074,27909,38000,
37069,37922,65536,20683,42000,
37066,37871,61004,9304,38000,
37069,37922,60289,94109,38000,
37069,37922,65548,166285,42000,
37069,37922,59906,190554,38000,
37069,37922,62821,98746,40000,
37069,37922,61353,149758,38000,
37069,37922,60128,51219,38000,
37069,37922,59951,93679,38000,
37069,37922,60377,94037,38000,
37069,37922,63060,140496,40000,
37069,37922,60152,159029,38000,
37068,37915,58818,26856,36000,
37069,37922,60467,113972,38000,
37069,37922,63035,98547,40000,
37069,37922,61231,115765,38000,
37067,37724,57472,70821,36000,
37068,37915,56802,47686,36000,
37069,37922,64598,96201,40000,
37069,37922,63577,140455,40000,
37069,37922,66184,13410,42000,
49288,50272,100051,209923,48000,
49288,50272,98575,88720,48000,
49288,50272,102779,64182,50000,
49288,50272,95732,204544,46000,
49288,50272,103396,155467,50000,
49288,50272,100657,114471,48000,
49288,50272,103361,34860,50000,
49284,50187,96151,195914,44000,
49287,50191,95732,82112,46000,
49285,50181,96145,81380,46000,
49288,50272,102786,65193,50000,
49288,50272,101629,182875,50000,
49288,50272,105413,210621,50000,
49288,50272,100113,89528,48000,
49288,50272,100494,208531,48000,
49288,50272,95286,200155,46000,
49288,50272,98979,90964,48000,
49286,50223,104448,12771,50000,
49288,50272,100359,118358,48000,
49288,50272,95342,27296,46000,
49288,50272,98545,149365,48000,
49278,50196,95805,109291,46000,
49288,50272,102538,33363,50000,
49287,50183,100435,28229,48000,
49288,50272,95344,115412,46000,
49288,50272,107323,64106,52000,
49288,50272,99685,148505,48000,
49288,50272,105213,155251,50000,
49288,50272,99978,28393,48000,
49288,50272,100357,204406,48000,
144304,99584,600027,418126,50491,
141844,99961,600026,616590,49134,
143711,99947,600035,464227,51989,
143293,99973,600031,367900,50707,
144157,99994,600026,478882,49837,
142385,99975,600025,614321,49536,
144577,99986,600025,195462,54223,
147300,99986,600031,351631,57206,
145487,99979,600030,388864,54053,
144759,99990,600027,138254,54257,
142604,99978,600028,125992,50268,
144208,99976,600024,235347,52286,
142783,99975,600038,398057,50006,
144389,99954,600034,398390,52741,
145010,99999,600038,333929,51591,
144371,99960,600026,144078,50147,
142936,99980,600038,732637,50447,
142752,100000,600034,556557,52010,
148043,99996,600032,267211,57351,
146996,99993,600022,552299,57559,
147065,99973,600020,240880,58139,
146641,99947,600033,599071,54063,
145921,99966,600033,293390,53818,
143037,99984,600044,721854,49603,
142920,99994,600027,380398,49729,
143443,99996,600033,210024,49459,
143897,99988,600025,296989,52094,
144629,99983,600029,462314,53893,
144820,100000,600031,118906,53562,
143150,99968,600040,422986,49833,
175374,88756,600045,1008588,23382,
164586,77492,600039,652768,19336,
169664,83493,600064,511455,20995,
165936,78059,600052,1087970,19396,
165207,77538,600067,341483,18969,
165997,77753,600039,516096,19139,
165995,76372,600072,246748,19445,
169929,80513,600060,1145310,21003,
164499,78351,600036,492532,19421,
164743,76964,600046,1163264,19205,
170227,84061,600037,930926,21906,
166422,78588,600032,960905,19346,
168863,78647,600054,954880,19586,
170097,80963,600030,274925,21753,
165572,76034,600029,570235,19088,
165064,75849,600039,670711,19270,
169717,81384,600035,1110485,20806,
165235,77847,600041,529385,19254,
172853,84716,600049,666615,21684,
165208,76539,600046,1195512,19530,
167391,79199,600062,219129,19413,
169836,82953,600050,894447,21635,
165576,77712,600045,937962,19255,
170611,81950,600056,391091,21503,
169681,81058,600051,991744,20821,
171752,81796,600065,528856,21347,
164640,76425,600055,1007098,19038,
166130,77252,600047,475125,19612,
163945,75731,600034,1024971,19042,
166047,79136,600060,292858,19278,
556218,99999,600126,220066,3300,
556614,99976,600220,307301,3311,
556271,100000,600135,2019893,3325,
555822,100000,600281,242349,3377,
556091,99979,600122,236057,3300,
556065,99999,600104,144534,3394,
556559,99992,600122,1509498,3292,
556394,99999,600189,1939823,3318,
556670,99997,600207,718851,3415,
556072,100000,600135,831198,3339,
555809,99997,600216,209141,3284,
555952,99995,600203,191878,3314,
555861,99997,600234,1382802,3310,
556749,99988,600277,150627,3292,
556872,99985,600247,1830327,3403,
555993,99999,600165,322659,3389,
555580,99996,600241,294572,3297,
556144,99995,600194,302717,3386,
556469,99995,600103,146920,3302,
556495,99993,600245,162378,3319,
556676,99969,600174,1662493,3369,
556006,100000,600113,194805,3385,
555952,99997,600283,29700,3297,
556730,99997,600191,246152,3364,
556597,99983,600189,219040,3309,
555868,99984,600226,216894,3228,
556511,99992,600292,1810605,3299,
556101,99983,600159,2366343,3334,
556231,100000,600256,125807,3272,
556402,99997,600188,250393,3296,
594401,99993,600227,1159804,2344,
592609,99995,600152,1358557,2334,
593397,100000,600170,2868469,2330,
592226,99994,600344,1534440,2353,
595671,99992,600343,1955304,2338,
591827,99996,600250,1554775,2289,
593609,99994,600347,2193677,2316,
593823,99997,600187,1935410,2279,
592989,99995,600307,2574484,2308,
595836,99983,600134,2859984,2359,
596833,99998,600157,1926194,2332,
593423,100000,600248,3016288,2320,
593458,100000,600332,1869143,2333,
593652,100000,600233,974507,2346,
594016,100000,600337,1291490,2333,
592658,99994,600140,2611176,2364,
593104,99999,600227,1451789,2343,
593407,99999,600153,2828190,2331,
593230,99995,600254,2345477,2319,
592532,99997,600155,1947014,2359,
591425,99979,600158,2298613,2332,
594146,100000,600280,2037517,2323,
593106,99989,600331,1520759,2300,
593633,100000,600204,2800447,2322,
593668,99998,600237,3220725,2348,
594957,99983,600192,3282799,2348,
591612,100000,600200,965989,2365,
596027,99999,600205,2468574,2326,
596544,100000,600303,2109392,2304,
594386,99999,600265,2330479,2334,
