311,45,49,2048,
311,45,51,2048,
311,45,48,2048,
311,45,56,2048,
311,45,51,2048,
311,45,48,2048,
311,45,46,2048,
311,45,46,2048,
311,45,46,2048,
311,45,46,2048,
311,45,47,2048,
311,45,46,2048,
311,45,46,2048,
311,45,47,2048,
311,45,49,2048,
311,45,48,2048,
311,45,46,2048,
311,45,75,2048,
311,45,50,2048,
311,45,46,2048,
311,45,48,2048,
311,45,51,2048,
311,45,46,2048,
311,45,47,2048,
311,45,47,2048,
311,45,45,2048,
311,45,46,2048,
311,45,45,2048,
311,45,46,2048,
311,45,47,2048,
467,47,50,2048,
467,47,49,2048,
467,47,49,2048,
467,47,52,2048,
467,47,49,2048,
467,47,49,2048,
467,47,50,2048,
467,47,51,2048,
467,47,50,2048,
467,47,50,2048,
467,47,50,2048,
467,47,53,2048,
467,47,52,2048,
467,47,50,2048,
467,47,50,2048,
467,47,51,2048,
467,47,55,2048,
467,47,51,2048,
467,47,50,2048,
467,47,51,2048,
467,47,52,2048,
467,47,52,2048,
467,47,50,2048,
467,47,53,2048,
467,47,53,2048,
467,47,51,2048,
467,47,52,2048,
467,47,50,2048,
467,47,50,2048,
467,47,50,2048,
1083,49,64,3072,
1083,49,63,3072,
1083,49,76,3072,
1083,49,65,3072,
1083,49,67,3072,
1083,49,67,3072,
1083,49,68,3072,
1083,49,67,3072,
1083,49,67,3072,
1083,49,64,3072,
1083,49,67,3072,
1083,49,63,3072,
1083,49,63,3072,
1083,49,67,3072,
1083,49,67,3072,
1083,49,64,3072,
1083,49,65,3072,
1083,49,64,3072,
1083,49,63,3072,
1083,49,67,3072,
1083,49,65,3072,
1083,49,68,3072,
1083,49,69,3072,
1083,49,66,3072,
1083,49,68,3072,
1083,49,65,3072,
1083,49,75,3072,
1083,49,67,3072,
1083,49,65,3072,
1083,49,67,3072,
1244,50,74,4096,
1244,50,71,4096,
1244,50,69,4096,
1244,50,75,4096,
1244,50,67,4096,
1244,50,65,4096,
1244,50,67,4096,
1244,50,64,4096,
1244,50,68,4096,
1244,50,68,4096,
1244,50,74,4096,
1244,50,68,4096,
1244,50,65,4096,
1244,50,74,4096,
1244,50,71,4096,
1244,50,68,4096,
1244,50,74,4096,
1244,50,79,4096,
1244,50,75,4096,
1244,50,71,4096,
1244,50,66,4096,
1244,50,69,4096,
1244,50,66,4096,
1244,50,68,4096,
1244,50,65,4096,
1244,50,71,4096,
1244,50,70,4096,
1244,50,72,4096,
1244,50,72,4096,
1244,50,107,4096,
1661,50,129,4096,
1661,50,86,4096,
1661,50,75,4096,
1661,50,80,4096,
1661,50,91,4096,
1661,50,139,4096,
1661,50,73,4096,
1661,50,76,4096,
1661,50,77,4096,
1661,50,73,4096,
1661,50,70,4096,
1661,50,86,4096,
1661,50,75,4096,
1661,50,72,4096,
1661,50,76,4096,
1661,50,73,4096,
1661,50,79,4096,
1661,50,69,4096,
1661,50,76,4096,
1661,50,79,4096,
1661,50,72,4096,
1661,50,70,4096,
1661,50,70,4096,
1661,50,73,4096,
1661,50,70,4096,
1661,50,69,4096,
1661,50,75,4096,
1661,50,75,4096,
1661,50,72,4096,
1661,50,73,4096,
3061,50,117,14336,
3061,50,118,14336,
3061,50,120,14336,
3061,50,119,14336,
3061,50,118,14336,
3061,50,117,14336,
3061,50,111,14336,
3061,50,117,14336,
3061,50,116,14336,
3061,50,122,14336,
3061,50,111,14336,
3061,50,122,14336,
3061,50,120,14336,
3061,50,123,14336,
3061,50,116,14336,
3061,50,122,14336,
3061,50,112,14336,
3061,50,117,14336,
3061,50,127,14336,
3061,50,114,14336,
3061,50,113,14336,
3061,50,117,14336,
3061,50,122,14336,
3061,50,119,14336,
3061,50,121,14336,
3061,50,124,14336,
3061,50,113,14336,
3061,50,115,14336,
3061,50,120,14336,
3061,50,115,14336,
4074,50,154,3098,
4074,50,148,3109,
4074,50,140,3103,
4074,50,151,3109,
4074,50,157,3103,
4074,50,136,3109,
4074,50,156,3098,
4074,50,140,3103,
4074,50,146,3098,
4074,50,144,3103,
4074,50,143,3103,
4074,50,145,3103,
4074,50,145,2079,
4074,50,141,3109,
4074,50,132,2079,
4074,50,134,3109,
4074,50,152,3098,
4074,50,139,3109,
4074,50,146,3103,
4074,50,143,3103,
4074,50,142,3109,
4074,50,135,3103,
4074,50,141,3109,
4074,50,157,3109,
4074,50,142,3103,
4074,50,144,3103,
4074,50,140,3103,
4074,50,140,3103,
4074,50,142,3098,
4074,50,140,3098,
4820,50,277,94884,
4820,50,295,93836,
4820,50,277,94863,
4820,50,278,94868,
4820,50,289,93852,
4820,50,280,94149,
4820,50,290,94929,
4820,50,274,93892,
4820,50,288,93876,
4820,50,295,94913,
4820,50,285,93844,
4820,50,295,93850,
4820,50,290,94867,
4820,50,281,93842,
4820,50,280,95242,
4820,50,272,93836,
4820,50,277,94866,
4820,50,291,94862,
4820,50,297,93860,
4820,50,281,93890,
4820,50,286,95018,
4820,50,296,93877,
4820,50,305,93899,
4820,50,298,94869,
4820,50,293,94877,
4820,50,304,93891,
4820,50,325,93840,
4820,50,288,94867,
4820,50,411,93850,
4820,50,284,94866,
4916,50,438,53032,
4916,50,432,54065,
4916,50,434,54132,
4916,50,446,54075,
4916,50,425,52999,
4916,50,424,53961,
4916,50,463,54210,
4916,50,460,52915,
4916,50,443,53973,
4916,50,434,52965,
4916,50,434,54125,
4916,50,428,54108,
4916,50,427,53016,
4916,50,431,53189,
4916,50,428,53149,
4916,50,452,55064,
4916,50,433,54068,
4916,50,418,52934,
4916,50,439,52965,
4916,50,477,52929,
4916,50,431,52933,
4916,50,428,54021,
4916,50,426,53045,
4916,50,433,53031,
4916,50,427,53006,
4916,50,432,53937,
4916,50,436,53053,
4916,50,428,53095,
4916,50,424,54054,
4916,50,436,52916,
621,76,46,2048,
621,76,48,2048,
621,76,49,2048,
621,76,49,2048,
621,76,49,2048,
621,76,50,2048,
621,76,48,2048,
621,76,46,2048,
621,76,47,2048,
621,76,46,2048,
621,76,48,2048,
621,76,46,2048,
621,76,46,2048,
621,76,46,2048,
621,76,46,2048,
621,76,46,2048,
621,76,46,2048,
621,76,47,2048,
621,76,46,2048,
621,76,48,2048,
621,76,47,2048,
621,76,48,2048,
621,76,47,2048,
621,76,47,2048,
621,76,46,2048,
621,76,47,2048,
621,76,45,2048,
621,76,48,2048,
621,76,47,2048,
621,76,48,2048,
969,95,53,2048,
969,95,52,2048,
969,95,51,2048,
969,95,49,2048,
969,95,52,2048,
969,95,50,2048,
969,95,52,2048,
969,95,53,2048,
969,95,52,2048,
969,95,80,2048,
969,95,51,2048,
969,95,54,2048,
969,95,53,2048,
969,95,49,2048,
969,95,50,2048,
969,95,50,2048,
969,95,51,2048,
969,95,50,2048,
969,95,50,2048,
969,95,51,2048,
969,95,50,2048,
969,95,54,2048,
969,95,52,2048,
969,95,50,2048,
969,95,55,2048,
969,95,50,2048,
969,95,57,2048,
969,95,49,2048,
969,95,49,2048,
969,95,52,2048,
1859,100,61,3072,
1859,100,68,3072,
1859,100,70,3072,
1859,100,62,3072,
1859,100,62,3072,
1859,100,62,3072,
1859,100,70,3072,
1859,100,63,3072,
1859,100,68,3072,
1859,100,62,3072,
1859,100,63,3072,
1859,100,70,3072,
1859,100,66,3072,
1859,100,65,3072,
1859,100,84,3072,
1859,100,84,3072,
1859,100,72,3072,
1859,100,68,3072,
1859,100,83,3072,
1859,100,61,3072,
1859,100,64,3072,
1859,100,66,3072,
1859,100,63,3072,
1859,100,71,3072,
1859,100,64,3072,
1859,100,68,3072,
1859,100,66,3072,
1859,100,78,3072,
1859,100,65,3072,
1859,100,76,3072,
2330,100,75,4096,
2330,100,71,4096,
2330,100,66,4096,
2330,100,69,4096,
2330,100,67,4096,
2330,100,87,4096,
2330,100,77,4096,
2330,100,67,4096,
2330,100,75,4096,
2330,100,72,4096,
2330,100,74,4096,
2330,100,77,4096,
2330,100,71,4096,
2330,100,69,4096,
2330,100,72,4096,
2330,100,69,4096,
2330,100,71,4096,
2330,100,76,4096,
2330,100,74,4096,
2330,100,71,4096,
2330,100,69,4096,
2330,100,66,4096,
2330,100,86,4096,
2330,100,70,4096,
2330,100,69,4096,
2330,100,66,4096,
2330,100,71,4096,
2330,100,69,4096,
2330,100,75,4096,
2330,100,67,4096,
2614,100,81,4096,
2614,100,78,4096,
2614,100,104,4096,
2614,100,73,4096,
2614,100,77,4096,
2614,100,77,4096,
2614,100,70,4096,
2614,100,85,4096,
2614,100,73,4096,
2614,100,90,4096,
2614,100,92,4096,
2614,100,73,4096,
2614,100,76,4096,
2614,100,79,4096,
2614,100,80,4096,
2614,100,74,4096,
2614,100,71,4096,
2614,100,76,4096,
2614,100,83,4096,
2614,100,72,4096,
2614,100,83,4096,
2614,100,76,4096,
2614,100,71,4096,
2614,100,73,4096,
2614,100,81,4096,
2614,100,75,4096,
2614,100,69,4096,
2614,100,87,4096,
2614,100,74,4096,
2614,100,72,4096,
4493,100,147,14336,
4493,100,118,14336,
4493,100,115,14336,
4493,100,121,14336,
4493,100,121,14336,
4493,100,113,14336,
4493,100,122,14336,
4493,100,135,14336,
4493,100,127,14336,
4493,100,115,14336,
4493,100,126,14336,
4493,100,125,14336,
4493,100,135,14336,
4493,100,128,14336,
4493,100,124,14336,
4493,100,118,14336,
4493,100,115,14336,
4493,100,125,14336,
4493,100,115,14336,
4493,100,119,14336,
4493,100,115,14336,
4493,100,130,14336,
4493,100,121,14336,
4493,100,117,14336,
4493,100,131,14336,
4493,100,117,14336,
4493,100,115,14336,
4493,100,115,14336,
4493,100,111,14336,
4493,100,128,14336,
6104,100,170,3103,
6104,100,166,2069,
6104,100,154,3109,
6104,100,135,3103,
6104,100,143,3103,
6104,100,148,3103,
6104,100,159,3103,
6104,100,158,3103,
6104,100,138,3103,
6104,100,138,3103,
6104,100,167,3109,
6104,100,152,3098,
6104,100,148,3106,
6104,100,148,3103,
6104,100,183,3109,
6104,100,160,3098,
6104,100,152,3103,
6104,100,141,3098,
6104,100,137,3098,
6104,100,170,3103,
6104,100,149,3103,
6104,100,143,2085,
6104,100,142,3109,
6104,100,158,3098,
6104,100,151,2085,
6104,100,145,3103,
6104,100,154,3103,
6104,100,141,3103,
6104,100,143,3106,
6104,100,150,3109,
8826,100,290,93834,
8826,100,302,94961,
8826,100,288,94868,
8826,100,274,94868,
8826,100,278,93866,
8826,100,312,93842,
8826,100,294,97936,
8826,100,282,93875,
8826,100,293,93844,
8826,100,273,94863,
8826,100,307,94866,
8826,100,279,94968,
8826,100,282,94964,
8826,100,278,94204,
8826,100,282,93865,
8826,100,291,95209,
8826,100,276,94941,
8826,100,312,93844,
8826,100,300,94223,
8826,100,277,94883,
8826,100,275,94923,
8826,100,291,93905,
8826,100,288,93931,
8826,100,281,93845,
8826,100,278,97933,
8826,100,286,94867,
8826,100,279,94864,
8826,100,274,94028,
8826,100,269,93841,
8826,100,285,94866,
9546,100,434,53980,
9546,100,425,54072,
9546,100,417,53077,
9546,100,414,54012,
9546,100,423,52926,
9546,100,415,54075,
9546,100,430,53190,
9546,100,445,54124,
9546,100,438,53169,
9546,100,429,52929,
9546,100,415,54140,
9546,100,421,52966,
9546,100,423,54100,
9546,100,423,54071,
9546,100,456,54110,
9546,100,438,53014,
9546,100,416,53048,
9546,100,413,53971,
9546,100,419,53149,
9546,100,426,54178,
9546,100,417,53106,
9546,100,440,51038,
9546,100,427,53080,
9546,100,425,53105,
9546,100,428,52964,
9546,100,434,65289,
9546,100,418,54081,
9546,100,413,54018,
9546,100,412,54114,
9546,100,441,53097,
1092,484,46,2048,
1092,484,45,2048,
1092,484,46,2048,
1092,484,46,2048,
1092,484,46,2048,
1092,484,46,2048,
1092,484,47,2048,
1092,484,48,2048,
1092,484,47,2048,
1092,484,47,2048,
1092,484,47,2048,
1092,484,48,2048,
1092,484,51,2048,
1092,484,47,2048,
1092,484,49,2048,
1092,484,46,2048,
1092,484,47,2048,
1092,484,47,2048,
1092,484,48,2048,
1092,484,48,2048,
1092,484,48,2048,
1092,484,45,2048,
1092,484,47,2048,
1092,484,47,2048,
1092,484,52,2048,
1092,484,48,2048,
1092,484,49,2048,
1092,484,46,2048,
1092,484,47,2048,
1092,484,47,2048,
1618,495,51,2048,
1618,495,49,2048,
1618,495,52,2048,
1618,495,50,2048,
1618,495,50,2048,
1618,495,51,2048,
1618,495,52,2048,
1618,495,50,2048,
1618,495,51,2048,
1618,495,51,2048,
1618,495,50,2048,
1618,495,51,2048,
1618,495,49,2048,
1618,495,50,2048,
1618,495,49,2048,
1618,495,54,2048,
1618,495,52,2048,
1618,495,52,2048,
1618,495,49,2048,
1618,495,50,2048,
1618,495,52,2048,
1618,495,50,2048,
1618,495,50,2048,
1618,495,50,2048,
1618,495,51,2048,
1618,495,50,2048,
1618,495,51,2048,
1618,495,50,2048,
1618,495,49,2048,
1618,495,51,2048,
4370,496,63,3072,
4370,496,64,3072,
4370,496,67,3072,
4370,496,65,3072,
4370,496,66,3072,
4370,496,62,3072,
4370,496,61,3072,
4370,496,65,3072,
4370,496,68,3072,
4370,496,64,3072,
4370,496,66,3072,
4370,496,65,3072,
4370,496,66,3072,
4370,496,72,3072,
4370,496,69,3072,
4370,496,67,3072,
4370,496,65,3072,
4370,496,74,3072,
4370,496,70,3072,
4370,496,66,3072,
4370,496,69,3072,
4370,496,69,3072,
4370,496,66,3072,
4370,496,63,3072,
4370,496,72,3072,
4370,496,68,3072,
4370,496,69,3072,
4370,496,64,3072,
4370,496,67,3072,
4370,496,67,3072,
5234,499,75,4096,
5234,499,76,4096,
5234,499,74,4096,
5234,499,73,4096,
5234,499,74,4096,
5234,499,73,4096,
5234,499,72,4096,
5234,499,78,4096,
5234,499,78,4096,
5234,499,73,4096,
5234,499,74,4096,
5234,499,76,4096,
5234,499,70,4096,
5234,499,72,4096,
5234,499,79,4096,
5234,499,74,4096,
5234,499,76,4096,
5234,499,74,4096,
5234,499,74,4096,
5234,499,73,4096,
5234,499,81,4096,
5234,499,76,4096,
5234,499,81,4096,
5234,499,79,4096,
5234,499,70,4096,
5234,499,69,4096,
5234,499,72,4096,
5234,499,75,4096,
5234,499,76,4096,
5234,499,75,4096,
6026,499,87,4096,
6026,499,80,4096,
6026,499,83,4096,
6026,499,83,4096,
6026,499,84,4096,
6026,499,81,4096,
6026,499,88,4096,
6026,499,86,4096,
6026,499,85,4096,
6026,499,79,4096,
6026,499,81,4096,
6026,499,82,4096,
6026,499,88,4096,
6026,499,77,4096,
6026,499,82,4096,
6026,499,83,4096,
6026,499,86,4096,
6026,499,85,4096,
6026,499,82,4096,
6026,499,76,4096,
6026,499,79,4096,
6026,499,79,4096,
6026,499,79,4096,
6026,499,89,4096,
6026,499,84,4096,
6026,499,79,4096,
6026,499,78,4096,
6026,499,82,4096,
6026,499,82,4096,
6026,499,82,4096,
12051,500,118,14336,
12051,500,112,14336,
12051,500,119,14336,
12051,500,117,14336,
12051,500,122,14336,
12051,500,122,14336,
12051,500,122,14336,
12051,500,126,14336,
12051,500,123,14336,
12051,500,119,14336,
12051,500,122,14336,
12051,500,111,14336,
12051,500,124,14336,
12051,500,135,14336,
12051,500,128,14336,
12051,500,125,14336,
12051,500,125,14336,
12051,500,113,14336,
12051,500,121,14336,
12051,500,124,14336,
12051,500,139,14336,
12051,500,120,14336,
12051,500,122,14336,
12051,500,117,14336,
12051,500,122,14336,
12051,500,119,14336,
12051,500,131,14336,
12051,500,117,14336,
12051,500,116,14336,
12051,500,132,14336,
15793,500,143,3103,
15793,500,137,3103,
15793,500,145,3109,
15793,500,152,3098,
15793,500,166,3098,
15793,500,148,3103,
15793,500,166,3103,
15793,500,158,3098,
15793,500,149,3098,
15793,500,151,3103,
15793,500,159,3109,
15793,500,152,3109,
15793,500,148,3109,
15793,500,147,3109,
15793,500,157,3103,
15793,500,168,3098,
15793,500,150,3103,
15793,500,153,3103,
15793,500,156,3109,
15793,500,145,3098,
15793,500,148,3109,
15793,500,143,3103,
15793,500,169,2079,
15793,500,159,3109,
15793,500,164,3109,
15793,500,146,3109,
15793,500,146,3109,
15793,500,152,3103,
15793,500,152,3103,
15793,500,154,3103,
29917,500,293,94945,
29917,500,293,93844,
29917,500,294,96913,
29917,500,282,95247,
29917,500,283,94915,
29917,500,287,94187,
29917,500,279,93844,
29917,500,284,94872,
29917,500,282,94859,
29917,500,290,94860,
29917,500,277,94867,
29917,500,278,94870,
29917,500,282,94164,
29917,500,290,101009,
29917,500,283,94869,
29917,500,284,93843,
29917,500,290,93841,
29917,500,272,94874,
29917,500,294,94916,
29917,500,281,94862,
29917,500,299,93831,
29917,500,279,93838,
29917,500,285,93848,
29917,500,272,95200,
29917,500,289,94895,
29917,500,280,94926,
29917,500,282,94861,
29917,500,293,97937,
29917,500,292,94870,
29917,500,294,94924,
37129,500,438,53071,
37129,500,438,52935,
37129,500,439,53098,
37129,500,424,54106,
37129,500,462,54111,
37129,500,427,53107,
37129,500,432,54198,
37129,500,443,53120,
37129,500,442,54032,
37129,500,438,53983,
37129,500,420,54062,
37129,500,421,53143,
37129,500,424,54001,
37129,500,433,53086,
37129,500,437,54120,
37129,500,428,54146,
37129,500,437,53128,
37129,500,419,53165,
37129,500,421,52978,
37129,500,418,51035,
37129,500,435,54010,
37129,500,430,53995,
37129,500,433,53096,
37129,500,435,54091,
37129,500,424,52915,
37129,500,429,53067,
37129,500,437,53051,
37129,500,422,54025,
37129,500,440,52908,
37129,500,443,53120,
1742,998,50,2048,
1742,998,47,2048,
1742,998,49,2048,
1742,998,48,2048,
1742,998,48,2048,
1742,998,47,2048,
1742,998,48,2048,
1742,998,48,2048,
1742,998,48,2048,
1742,998,62,2048,
1742,998,48,2048,
1742,998,47,2048,
1742,998,47,2048,
1742,998,48,2048,
1742,998,48,2048,
1742,998,50,2048,
1742,998,47,2048,
1742,998,47,2048,
1742,998,50,2048,
1742,998,47,2048,
1742,998,46,2048,
1742,998,47,2048,
1742,998,47,2048,
1742,998,47,2048,
1742,998,47,2048,
1742,998,46,2048,
1742,998,46,2048,
1742,998,48,2048,
1742,998,47,2048,
1742,998,49,2048,
2623,990,51,2048,
2623,990,52,2048,
2623,990,51,2048,
2623,990,51,2048,
2623,990,51,2048,
2623,990,54,2048,
2623,990,51,2048,
2623,990,50,2048,
2623,990,53,2048,
2623,990,51,2048,
2623,990,50,2048,
2623,990,51,2048,
2623,990,50,2048,
2623,990,51,2048,
2623,990,50,2048,
2623,990,50,2048,
2623,990,52,2048,
2623,990,49,2048,
2623,990,50,2048,
2623,990,52,2048,
2623,990,51,2048,
2623,990,51,2048,
2623,990,50,2048,
2623,990,50,2048,
2623,990,52,2048,
2623,990,50,2048,
2623,990,51,2048,
2623,990,50,2048,
2623,990,51,2048,
2623,990,50,2048,
5887,998,67,3072,
5887,998,72,3072,
5887,998,66,3072,
5887,998,70,3072,
5887,998,66,3072,
5887,998,68,3072,
5887,998,71,3072,
5887,998,65,3072,
5887,998,67,3072,
5887,998,68,3072,
5887,998,65,3072,
5887,998,66,3072,
5887,998,67,3072,
5887,998,67,3072,
5887,998,66,3072,
5887,998,69,3072,
5887,998,71,3072,
5887,998,66,3072,
5887,998,65,3072,
5887,998,65,3072,
5887,998,67,3072,
5887,998,64,3072,
5887,998,67,3072,
5887,998,67,3072,
5887,998,67,3072,
5887,998,65,3072,
5887,998,67,3072,
5887,998,65,3072,
5887,998,68,3072,
5887,998,66,3072,
7211,1000,70,4096,
7211,1000,73,4096,
7211,1000,79,4096,
7211,1000,88,4096,
7211,1000,78,4096,
7211,1000,75,4096,
7211,1000,69,4096,
7211,1000,71,4096,
7211,1000,81,4096,
7211,1000,71,4096,
7211,1000,74,4096,
7211,1000,86,4096,
7211,1000,68,4096,
7211,1000,75,4096,
7211,1000,91,4096,
7211,1000,73,4096,
7211,1000,71,4096,
7211,1000,72,4096,
7211,1000,76,4096,
7211,1000,71,4096,
7211,1000,70,4096,
7211,1000,75,4096,
7211,1000,72,4096,
7211,1000,77,4096,
7211,1000,70,4096,
7211,1000,70,4096,
7211,1000,69,4096,
7211,1000,71,4096,
7211,1000,74,4096,
7211,1000,71,4096,
8175,1000,79,4096,
8175,1000,79,4096,
8175,1000,80,4096,
8175,1000,84,4096,
8175,1000,78,4096,
8175,1000,82,4096,
8175,1000,73,4096,
8175,1000,78,4096,
8175,1000,78,4096,
8175,1000,79,4096,
8175,1000,77,4096,
8175,1000,77,4096,
8175,1000,79,4096,
8175,1000,81,4096,
8175,1000,75,4096,
8175,1000,81,4096,
8175,1000,83,4096,
8175,1000,80,4096,
8175,1000,84,4096,
8175,1000,80,4096,
8175,1000,81,4096,
8175,1000,82,4096,
8175,1000,79,4096,
8175,1000,81,4096,
8175,1000,76,4096,
8175,1000,77,4096,
8175,1000,79,4096,
8175,1000,82,4096,
8175,1000,77,4096,
8175,1000,75,4096,
16259,1000,122,14336,
16259,1000,117,14336,
16259,1000,118,14336,
16259,1000,117,14336,
16259,1000,116,14336,
16259,1000,118,14336,
16259,1000,122,14336,
16259,1000,122,14336,
16259,1000,118,14336,
16259,1000,113,14336,
16259,1000,117,14336,
16259,1000,118,14336,
16259,1000,125,14336,
16259,1000,120,14336,
16259,1000,112,14336,
16259,1000,130,14336,
16259,1000,123,14336,
16259,1000,141,14336,
16259,1000,137,14336,
16259,1000,118,14336,
16259,1000,131,14336,
16259,1000,119,14336,
16259,1000,127,14336,
16259,1000,129,14336,
16259,1000,120,14336,
16259,1000,124,14336,
16259,1000,130,14336,
16259,1000,126,14336,
16259,1000,137,14336,
16259,1000,132,14336,
22977,1000,148,3109,
22977,1000,160,3103,
22977,1000,150,3098,
22977,1000,155,3098,
22977,1000,155,3109,
22977,1000,150,3109,
22977,1000,152,2085,
22977,1000,154,2085,
22977,1000,149,3117,
22977,1000,166,3109,
22977,1000,142,3109,
22977,1000,146,3103,
22977,1000,155,3103,
22977,1000,144,3109,
22977,1000,171,3109,
22977,1000,144,3098,
22977,1000,171,3103,
22977,1000,158,3109,
22977,1000,143,3111,
22977,1000,155,3103,
22977,1000,153,3103,
22977,1000,147,3098,
22977,1000,151,3109,
22977,1000,149,3103,
22977,1000,155,3098,
22977,1000,148,3098,
22977,1000,177,3103,
22977,1000,174,3109,
22977,1000,194,3103,
22977,1000,151,4127,
45973,1000,296,93966,
45973,1000,300,93901,
45973,1000,312,94208,
45973,1000,301,97937,
45973,1000,296,94864,
45973,1000,318,94870,
45973,1000,369,93834,
45973,1000,421,93907,
45973,1000,296,94867,
45973,1000,283,94869,
45973,1000,284,94856,
45973,1000,297,93872,
45973,1000,302,94867,
45973,1000,327,93876,
45973,1000,304,94866,
45973,1000,335,93842,
45973,1000,376,93844,
45973,1000,306,93847,
45973,1000,309,101090,
45973,1000,298,94863,
45973,1000,301,94896,
45973,1000,331,93839,
45973,1000,291,93911,
45973,1000,301,94925,
45973,1000,297,93844,
45973,1000,302,94861,
45973,1000,314,94869,
45973,1000,303,94891,
45973,1000,319,94239,
45973,1000,301,94169,
60197,1000,478,54176,
60197,1000,456,54062,
60197,1000,526,65240,
60197,1000,502,52944,
60197,1000,501,53069,
60197,1000,638,53132,
60197,1000,445,53029,
60197,1000,523,53046,
60197,1000,480,53109,
60197,1000,499,54080,
60197,1000,465,53113,
60197,1000,540,53133,
60197,1000,466,53048,
60197,1000,517,52955,
60197,1000,488,54096,
60197,1000,487,52914,
60197,1000,536,52877,
60197,1000,543,53936,
60197,1000,522,52959,
60197,1000,515,52911,
60197,1000,495,54210,
60197,1000,433,53941,
60197,1000,520,53133,
60197,1000,521,53047,
60197,1000,464,54014,
60197,1000,452,53928,
60197,1000,483,53038,
60197,1000,452,52955,
60197,1000,488,53138,
60197,1000,486,54204,
2367,2497,55,2048,
2367,2497,48,2048,
2367,2497,49,2048,
2367,2497,52,2048,
2367,2497,55,2048,
2367,2497,49,2048,
2367,2497,66,2048,
2367,2497,48,2048,
2367,2497,57,2048,
2367,2497,51,2048,
2367,2497,49,2048,
2367,2497,50,2048,
2367,2497,51,2048,
2367,2497,49,2048,
2367,2497,49,2048,
2367,2497,50,2048,
2367,2497,50,2048,
2367,2497,49,2048,
2367,2497,49,2048,
2367,2497,50,2048,
2367,2497,50,2048,
2367,2497,46,2048,
2367,2497,49,2048,
2367,2497,49,2048,
2367,2497,52,2048,
2367,2497,46,2048,
2367,2497,50,2048,
2367,2497,54,2048,
2367,2497,47,2048,
2367,2497,50,2048,
5090,4993,50,2048,
5090,4993,56,2048,
5090,4993,51,2048,
5090,4993,53,2048,
5090,4993,53,2048,
5090,4993,52,2048,
5090,4993,54,2048,
5090,4993,56,2048,
5090,4993,52,2048,
5090,4993,55,2048,
5090,4993,51,2048,
5090,4993,56,2048,
5090,4993,54,2048,
5090,4993,55,2048,
5090,4993,52,2048,
5090,4993,58,2048,
5090,4993,58,2048,
5090,4993,59,2048,
5090,4993,59,2048,
5090,4993,54,2048,
5090,4993,55,2048,
5090,4993,56,2048,
5090,4993,51,2048,
5090,4993,57,2048,
5090,4993,51,2048,
5090,4993,58,2048,
5090,4993,59,2048,
5090,4993,53,2048,
5090,4993,54,2048,
5090,4993,52,2048,
12745,4999,73,3072,
12745,4999,73,3072,
12745,4999,72,3072,
12745,4999,68,3072,
12745,4999,70,3072,
12745,4999,70,3072,
12745,4999,70,3072,
12745,4999,71,3072,
12745,4999,72,3072,
12745,4999,83,3072,
12745,4999,75,3072,
12745,4999,82,3072,
12745,4999,82,3072,
12745,4999,81,3072,
12745,4999,81,3072,
12745,4999,77,3072,
12745,4999,85,3072,
12745,4999,81,3072,
12745,4999,77,3072,
12745,4999,82,3072,
12745,4999,80,3072,
12745,4999,76,3072,
12745,4999,83,3072,
12745,4999,85,3072,
12745,4999,95,3072,
12745,4999,85,3072,
12745,4999,84,3072,
12745,4999,78,3072,
12745,4999,82,3072,
12745,4999,79,3072,
15357,5000,77,4096,
15357,5000,75,4096,
15357,5000,74,4096,
15357,5000,76,4096,
15357,5000,76,4096,
15357,5000,72,4096,
15357,5000,71,4096,
15357,5000,69,4096,
15357,5000,71,4096,
15357,5000,71,4096,
15357,5000,72,4096,
15357,5000,68,4096,
15357,5000,69,4096,
15357,5000,71,4096,
15357,5000,69,4096,
15357,5000,73,4096,
15357,5000,73,4096,
15357,5000,69,4096,
15357,5000,74,4096,
15357,5000,67,4096,
15357,5000,76,4096,
15357,5000,72,4096,
15357,5000,92,4096,
15357,5000,80,4096,
15357,5000,77,4096,
15357,5000,70,4096,
15357,5000,78,4096,
15357,5000,84,4096,
15357,5000,75,4096,
15357,5000,77,4096,
17903,5000,79,4096,
17903,5000,94,4096,
17903,5000,90,4096,
17903,5000,101,4096,
17903,5000,83,4096,
17903,5000,76,4096,
17903,5000,80,4096,
17903,5000,77,4096,
17903,5000,78,4096,
17903,5000,77,4096,
17903,5000,81,4096,
17903,5000,85,4096,
17903,5000,90,4096,
17903,5000,89,4096,
17903,5000,91,4096,
17903,5000,88,4096,
17903,5000,89,4096,
17903,5000,87,4096,
17903,5000,85,4096,
17903,5000,87,4096,
17903,5000,78,4096,
17903,5000,91,4096,
17903,5000,79,4096,
17903,5000,86,4096,
17903,5000,79,4096,
17903,5000,76,4096,
17903,5000,78,4096,
17903,5000,76,4096,
17903,5000,85,4096,
17903,5000,88,4096,
38641,5000,136,14336,
38641,5000,131,14336,
38641,5000,143,14336,
38641,5000,146,14336,
38641,5000,165,14336,
38641,5000,135,14336,
38641,5000,138,14336,
38641,5000,140,14336,
38641,5000,147,14336,
38641,5000,120,14336,
38641,5000,131,14336,
38641,5000,210,14336,
38641,5000,184,14336,
38641,5000,123,14336,
38641,5000,123,14336,
38641,5000,132,14336,
38641,5000,124,14336,
38641,5000,139,14336,
38641,5000,166,14336,
38641,5000,136,14336,
38641,5000,130,14336,
38641,5000,138,14336,
38641,5000,128,14336,
38641,5000,141,14336,
38641,5000,129,14336,
38641,5000,124,14336,
38641,5000,138,14336,
38641,5000,128,14336,
38641,5000,144,14336,
38641,5000,122,14336,
55162,5000,155,3103,
55162,5000,149,3109,
55162,5000,152,3103,
55162,5000,157,3103,
55162,5000,145,3109,
55162,5000,162,3109,
55162,5000,154,3103,
55162,5000,153,3103,
55162,5000,148,3103,
55162,5000,150,3103,
55162,5000,146,3098,
55162,5000,158,2085,
55162,5000,150,3114,
55162,5000,147,3103,
55162,5000,153,3103,
55162,5000,148,3109,
55162,5000,158,3098,
55162,5000,145,3109,
55162,5000,149,3109,
55162,5000,153,3103,
55162,5000,159,2085,
55162,5000,176,3103,
55162,5000,179,3109,
55162,5000,158,3103,
55162,5000,157,2079,
55162,5000,169,3109,
55162,5000,159,3103,
55162,5000,160,3098,
55162,5000,162,3103,
55162,5000,152,3103,
118033,5000,328,94862,
118033,5000,325,93840,
118033,5000,317,94223,
118033,5000,323,93881,
118033,5000,303,94864,
118033,5000,325,94874,
118033,5000,314,94868,
118033,5000,314,94875,
118033,5000,324,94859,
118033,5000,311,94874,
118033,5000,309,93846,
118033,5000,348,94862,
118033,5000,295,93846,
118033,5000,307,93838,
118033,5000,333,94878,
118033,5000,306,94859,
118033,5000,321,93865,
118033,5000,304,95202,
118033,5000,307,94871,
118033,5000,329,94127,
118033,5000,333,94936,
118033,5000,338,97972,
118033,5000,322,93842,
118033,5000,291,95222,
118033,5000,348,93901,
118033,5000,322,93898,
118033,5000,311,94927,
118033,5000,306,94860,
118033,5000,296,93841,
118033,5000,320,93841,
160200,5000,458,54079,
160200,5000,489,54067,
160200,5000,451,54103,
160200,5000,464,53025,
160200,5000,476,54049,
160200,5000,451,53999,
160200,5000,449,54103,
160200,5000,459,53035,
160200,5000,470,52949,
160200,5000,457,53063,
160200,5000,469,64324,
160200,5000,447,53080,
160200,5000,446,53969,
160200,5000,467,53958,
160200,5000,480,53973,
160200,5000,459,54125,
160200,5000,492,54066,
160200,5000,448,54075,
160200,5000,463,52919,
160200,5000,461,53049,
160200,5000,449,54109,
160200,5000,466,53935,
160200,5000,465,53164,
160200,5000,476,54022,
160200,5000,463,54042,
160200,5000,481,64372,
160200,5000,465,53944,
160200,5000,467,53033,
160200,5000,455,54118,
160200,5000,468,54099,
2597,2570,54,2048,
2597,2570,51,2048,
2597,2570,49,2048,
2597,2570,52,2048,
2597,2570,47,2048,
2597,2570,49,2048,
2597,2570,47,2048,
2597,2570,48,2048,
2597,2570,51,2048,
2597,2570,48,2048,
2597,2570,48,2048,
2597,2570,54,2048,
2597,2570,48,2048,
2597,2570,47,2048,
2597,2570,49,2048,
2597,2570,50,2048,
2597,2570,47,2048,
2597,2570,48,2048,
2597,2570,49,2048,
2597,2570,48,2048,
2597,2570,47,2048,
2597,2570,49,2048,
2597,2570,53,2048,
2597,2570,49,2048,
2597,2570,47,2048,
2597,2570,50,2048,
2597,2570,54,2048,
2597,2570,46,2048,
2597,2570,55,2048,
2597,2570,48,2048,
4986,5382,53,2048,
4986,5382,56,2048,
4986,5382,51,2048,
4986,5382,58,2048,
4986,5382,54,2048,
4986,5382,52,2048,
4986,5382,55,2048,
4986,5382,57,2048,
4986,5382,57,2048,
4986,5382,52,2048,
4986,5382,56,2048,
4986,5382,51,2048,
4986,5382,53,2048,
4986,5382,51,2048,
4986,5382,52,2048,
4986,5382,55,2048,
4986,5382,52,2048,
4986,5382,57,2048,
4986,5382,51,2048,
4986,5382,52,2048,
4986,5382,55,2048,
4986,5382,50,2048,
4986,5382,53,2048,
4986,5382,54,2048,
4986,5382,51,2048,
4986,5382,51,2048,
4986,5382,54,2048,
4986,5382,52,2048,
4986,5382,51,2048,
4986,5382,52,2048,
18149,10000,67,3072,
18149,10000,69,3072,
18149,10000,68,3072,
18149,10000,68,3072,
18149,10000,71,3072,
18149,10000,73,3072,
18149,10000,67,3072,
18149,10000,74,3072,
18149,10000,72,3072,
18149,10000,70,3072,
18149,10000,72,3072,
18149,10000,71,3072,
18149,10000,68,3072,
18149,10000,68,3072,
18149,10000,74,3072,
18149,10000,67,3072,
18149,10000,73,3072,
18149,10000,66,3072,
18149,10000,71,3072,
18149,10000,67,3072,
18149,10000,77,3072,
18149,10000,68,3072,
18149,10000,67,3072,
18149,10000,70,3072,
18149,10000,71,3072,
18149,10000,69,3072,
18149,10000,69,3072,
18149,10000,72,3072,
18149,10000,66,3072,
18149,10000,73,3072,
22588,10000,73,4096,
22588,10000,79,4096,
22588,10000,73,4096,
22588,10000,77,4096,
22588,10000,82,4096,
22588,10000,81,4096,
22588,10000,80,4096,
22588,10000,75,4096,
22588,10000,77,4096,
22588,10000,75,4096,
22588,10000,76,4096,
22588,10000,72,4096,
22588,10000,77,4096,
22588,10000,80,4096,
22588,10000,71,4096,
22588,10000,76,4096,
22588,10000,80,4096,
22588,10000,76,4096,
22588,10000,87,4096,
22588,10000,81,4096,
22588,10000,78,4096,
22588,10000,76,4096,
22588,10000,79,4096,
22588,10000,84,4096,
22588,10000,85,4096,
22588,10000,74,4096,
22588,10000,73,4096,
22588,10000,77,4096,
22588,10000,80,4096,
22588,10000,80,4096,
25900,10000,80,5120,
25900,10000,82,5120,
25900,10000,81,5120,
25900,10000,85,5120,
25900,10000,83,5120,
25900,10000,81,5120,
25900,10000,91,5120,
25900,10000,88,5120,
25900,10000,77,5120,
25900,10000,83,5120,
25900,10000,89,5120,
25900,10000,96,5120,
25900,10000,88,5120,
25900,10000,106,5120,
25900,10000,79,5120,
25900,10000,78,5120,
25900,10000,85,5120,
25900,10000,85,5120,
25900,10000,86,5120,
25900,10000,85,5120,
25900,10000,82,5120,
25900,10000,82,5120,
25900,10000,90,5120,
25900,10000,91,5120,
25900,10000,81,5120,
25900,10000,84,5120,
25900,10000,115,5120,
25900,10000,84,5120,
25900,10000,85,5120,
25900,10000,87,5120,
57029,10000,131,15360,
57029,10000,130,15360,
57029,10000,129,14336,
57029,10000,129,14336,
57029,10000,135,14336,
57029,10000,136,14336,
57029,10000,140,14336,
57029,10000,122,15360,
57029,10000,151,14336,
57029,10000,128,14336,
57029,10000,145,15360,
57029,10000,129,14336,
57029,10000,129,14336,
57029,10000,126,14336,
57029,10000,131,14336,
57029,10000,124,14336,
57029,10000,128,14336,
57029,10000,134,14336,
57029,10000,133,15360,
57029,10000,151,14336,
57029,10000,131,14336,
57029,10000,123,14336,
57029,10000,145,14336,
57029,10000,131,15360,
57029,10000,145,14336,
57029,10000,151,14336,
57029,10000,140,14336,
57029,10000,133,14336,
57029,10000,136,15360,
57029,10000,128,15360,
81193,10000,157,3103,
81193,10000,161,2085,
81193,10000,170,3103,
81193,10000,190,3103,
81193,10000,162,3103,
81193,10000,170,3098,
81193,10000,173,3103,
81193,10000,155,3098,
81193,10000,173,3098,
81193,10000,172,2085,
81193,10000,157,3103,
81193,10000,169,3103,
81193,10000,174,3109,
81193,10000,154,3098,
81193,10000,174,3103,
81193,10000,160,3111,
81193,10000,184,2079,
81193,10000,165,3109,
81193,10000,164,3098,
81193,10000,159,3103,
81193,10000,163,3103,
81193,10000,175,3109,
81193,10000,187,3103,
81193,10000,158,3109,
81193,10000,179,3109,
81193,10000,168,3103,
81193,10000,172,3109,
81193,10000,175,3098,
81193,10000,176,3109,
81193,10000,162,3098,
171520,10000,311,94861,
171520,10000,327,95253,
171520,10000,317,95207,
171520,10000,314,95247,
171520,10000,325,93856,
171520,10000,314,94213,
171520,10000,341,95227,
171520,10000,348,93847,
171520,10000,343,93843,
171520,10000,336,94869,
171520,10000,349,97940,
171520,10000,347,94866,
171520,10000,347,94907,
171520,10000,330,93833,
171520,10000,329,93840,
171520,10000,333,93844,
171520,10000,355,93840,
171520,10000,349,94864,
171520,10000,319,93894,
171520,10000,326,94868,
171520,10000,362,94925,
171520,10000,320,94872,
171520,10000,315,94865,
171520,10000,345,94872,
171520,10000,333,94927,
171520,10000,337,94183,
171520,10000,320,94865,
171520,10000,318,93845,
171520,10000,327,94124,
171520,10000,358,94915,
238999,10000,515,54135,
238999,10000,500,52892,
238999,10000,497,54091,
238999,10000,488,53988,
238999,10000,522,53944,
238999,10000,493,52901,
238999,10000,494,53025,
238999,10000,505,53935,
238999,10000,473,53913,
238999,10000,489,53938,
238999,10000,470,54076,
238999,10000,466,54081,
238999,10000,479,53133,
238999,10000,484,54130,
238999,10000,469,54125,
238999,10000,482,52971,
238999,10000,475,53973,
238999,10000,465,54098,
238999,10000,481,53055,
238999,10000,477,54146,
238999,10000,486,52916,
238999,10000,466,54079,
238999,10000,479,54051,
238999,10000,477,53993,
238999,10000,483,54125,
238999,10000,482,53983,
238999,10000,484,53945,
238999,10000,477,53074,
238999,10000,475,52934,
238999,10000,484,53095,
2377,2267,47,2048,
2377,2267,48,2048,
2377,2267,50,2048,
2377,2267,48,2048,
2377,2267,47,2048,
2377,2267,49,2048,
2377,2267,52,2048,
2377,2267,48,2048,
2377,2267,49,2048,
2377,2267,50,2048,
2377,2267,52,2048,
2377,2267,49,2048,
2377,2267,48,2048,
2377,2267,47,2048,
2377,2267,48,2048,
2377,2267,47,2048,
2377,2267,47,2048,
2377,2267,50,2048,
2377,2267,50,2048,
2377,2267,49,2048,
2377,2267,47,2048,
2377,2267,48,2048,
2377,2267,49,2048,
2377,2267,49,2048,
2377,2267,49,2048,
2377,2267,50,2048,
2377,2267,53,2048,
2377,2267,59,2048,
2377,2267,50,2048,
2377,2267,52,2048,
4976,5138,58,2048,
4976,5138,66,2048,
4976,5138,70,2048,
4976,5138,67,2048,
4976,5138,54,2048,
4976,5138,52,2048,
4976,5138,53,2048,
4976,5138,52,2048,
4976,5138,52,2048,
4976,5138,54,2048,
4976,5138,55,2048,
4976,5138,52,2048,
4976,5138,51,2048,
4976,5138,51,2048,
4976,5138,53,2048,
4976,5138,52,2048,
4976,5138,54,2048,
4976,5138,51,2048,
4976,5138,52,2048,
4976,5138,50,2048,
4976,5138,51,2048,
4976,5138,52,2048,
4976,5138,52,2048,
4976,5138,51,2048,
4976,5138,51,2048,
4976,5138,53,2048,
4976,5138,52,2048,
4976,5138,52,2048,
4976,5138,53,2048,
4976,5138,50,2048,
24587,24612,70,3072,
24587,24612,72,3072,
24587,24612,73,3072,
24587,24612,81,3072,
24587,24612,74,3072,
24587,24612,74,3072,
24587,24612,76,3072,
24587,24612,75,3072,
24587,24612,73,3072,
24587,24612,75,3072,
24587,24612,74,3072,
24587,24612,72,3072,
24587,24612,77,3072,
24587,24612,70,3072,
24587,24612,73,3072,
24587,24612,78,3072,
24587,24612,75,3072,
24587,24612,72,3072,
24587,24612,72,3072,
24587,24612,73,3072,
24587,24612,76,3072,
24587,24612,74,3072,
24587,24612,72,3072,
24587,24612,73,3072,
24587,24612,76,3072,
24587,24612,72,3072,
24587,24612,73,3072,
24587,24612,72,3072,
24587,24612,73,3072,
24587,24612,73,3072,
36999,36423,82,4096,
36999,36423,81,4096,
36999,36423,83,4096,
36999,36423,87,4096,
36999,36423,80,4096,
36999,36423,83,4096,
36999,36423,86,4096,
36999,36423,80,4096,
36999,36423,77,4096,
36999,36423,82,4096,
36999,36423,77,4096,
36999,36423,85,4096,
36999,36423,85,4096,
36999,36423,78,4096,
36999,36423,81,4096,
36999,36423,79,4096,
36999,36423,77,4096,
36999,36423,81,4096,
36999,36423,81,4096,
36999,36423,77,4096,
36999,36423,80,4096,
36999,36423,81,4096,
36999,36423,82,4096,
36999,36423,83,4096,
36999,36423,81,4096,
36999,36423,85,4096,
36999,36423,79,4096,
36999,36423,86,4096,
36999,36423,79,4096,
36999,36423,82,4096,
49292,49082,90,5120,
49292,49082,87,5120,
49292,49082,88,5120,
49292,49082,93,5120,
49292,49082,91,5120,
49292,49082,89,5120,
49292,49082,86,5120,
49292,49082,88,5120,
49292,49082,88,5120,
49292,49082,96,5120,
49292,49082,87,5120,
49292,49082,91,5120,
49292,49082,90,5120,
49292,49082,85,5120,
49292,49082,87,5120,
49292,49082,86,5120,
49292,49082,87,5120,
49292,49082,92,5120,
49292,49082,93,5120,
49292,49082,84,5120,
49292,49082,89,5120,
49292,49082,82,5120,
49292,49082,87,5120,
49292,49082,84,5120,
49292,49082,87,5120,
49292,49082,91,5120,
49292,49082,88,5120,
49292,49082,86,5120,
49292,49082,92,5120,
49292,49082,84,5120,
129490,50000,164,14336,
129490,50000,166,15360,
129490,50000,156,15360,
129490,50000,159,14336,
129490,50000,164,14336,
129490,50000,156,14336,
129490,50000,171,15360,
129490,50000,156,14336,
129490,50000,142,14336,
129490,50000,161,14336,
129490,50000,163,14336,
129490,50000,154,15360,
129490,50000,160,15360,
129490,50000,165,14336,
129490,50000,178,14336,
129490,50000,171,14336,
129490,50000,152,15360,
129490,50000,159,14336,
129490,50000,152,14336,
129490,50000,163,14336,
129490,50000,151,14336,
129490,50000,153,14336,
129490,50000,156,14336,
129490,50000,152,14336,
129490,50000,162,14336,
129490,50000,157,15360,
129490,50000,161,15360,
129490,50000,154,15360,
129490,50000,153,15360,
129490,50000,161,14336,
185156,50000,174,3109,
185156,50000,171,3103,
185156,50000,168,3103,
185156,50000,169,3103,
185156,50000,180,3109,
185156,50000,172,3098,
185156,50000,179,3103,
185156,50000,170,3109,
185156,50000,181,3103,
185156,50000,171,3103,
185156,50000,172,2085,
185156,50000,172,3103,
185156,50000,173,3103,
185156,50000,173,3103,
185156,50000,183,3098,
185156,50000,167,3109,
185156,50000,175,3109,
185156,50000,163,3109,
185156,50000,168,3109,
185156,50000,171,3109,
185156,50000,180,3103,
185156,50000,177,3098,
185156,50000,240,3109,
185156,50000,187,3103,
185156,50000,170,3098,
185156,50000,170,3103,
185156,50000,172,3103,
185156,50000,180,3098,
185156,50000,172,3098,
185156,50000,180,3109,
401745,50000,399,93837,
401745,50000,393,94206,
401745,50000,392,94862,
401745,50000,376,95253,
401745,50000,401,94877,
401745,50000,385,95258,
401745,50000,392,93942,
401745,50000,378,94880,
401745,50000,382,94862,
401745,50000,392,94870,
401745,50000,386,94869,
401745,50000,383,93964,
401745,50000,386,94873,
401745,50000,398,93894,
401745,50000,395,94865,
401745,50000,396,94869,
401745,50000,410,93847,
401745,50000,379,95232,
401745,50000,389,98065,
401745,50000,401,93844,
401745,50000,412,94904,
401745,50000,403,94868,
401745,50000,379,94915,
401745,50000,394,94882,
401745,50000,403,94871,
401745,50000,382,94871,
401745,50000,406,93848,
401745,50000,382,94868,
401745,50000,384,95210,
401745,50000,398,93854,
557726,50000,700,53114,
557726,50000,725,54107,
557726,50000,698,54194,
557726,50000,703,54026,
557726,50000,695,54139,
557726,50000,698,54180,
557726,50000,706,54094,
557726,50000,712,54008,
557726,50000,701,65443,
557726,50000,688,55182,
557726,50000,712,65321,
557726,50000,704,53055,
557726,50000,698,54018,
557726,50000,693,54130,
557726,50000,701,54049,
557726,50000,716,53938,
557726,50000,705,53187,
557726,50000,705,54056,
557726,50000,699,55288,
557726,50000,710,52954,
557726,50000,701,53989,
557726,50000,702,53007,
557726,50000,694,54097,
557726,50000,701,54099,
557726,50000,689,54093,
557726,50000,712,55178,
557726,50000,703,54139,
557726,50000,697,52909,
557726,50000,701,53921,
557726,50000,699,54080,
2703,2632,50,2048,
2703,2632,99,2048,
2703,2632,64,2048,
2703,2632,52,2048,
2703,2632,56,2048,
2703,2632,58,2048,
2703,2632,56,2048,
2703,2632,52,2048,
2703,2632,47,2048,
2703,2632,47,2048,
2703,2632,53,2048,
2703,2632,47,2048,
2703,2632,49,2048,
2703,2632,52,2048,
2703,2632,67,2048,
2703,2632,60,2048,
2703,2632,51,2048,
2703,2632,55,2048,
2703,2632,61,2048,
2703,2632,62,2048,
2703,2632,53,2048,
2703,2632,53,2048,
2703,2632,50,2048,
2703,2632,63,2048,
2703,2632,54,2048,
2703,2632,49,2048,
2703,2632,51,2048,
2703,2632,58,2048,
2703,2632,69,2048,
2703,2632,56,2048,
5050,5278,72,2048,
5050,5278,331,2048,
5050,5278,126,2048,
5050,5278,116,2048,
5050,5278,66,2048,
5050,5278,83,2048,
5050,5278,60,2048,
5050,5278,54,2048,
5050,5278,74,2048,
5050,5278,91,2048,
5050,5278,73,2048,
5050,5278,112,2048,
5050,5278,53,2048,
5050,5278,52,2048,
5050,5278,54,2048,
5050,5278,56,2048,
5050,5278,54,2048,
5050,5278,64,2048,
5050,5278,53,2048,
5050,5278,56,2048,
5050,5278,58,2048,
5050,5278,52,2048,
5050,5278,57,2048,
5050,5278,69,2048,
5050,5278,52,2048,
5050,5278,54,2048,
5050,5278,51,2048,
5050,5278,52,2048,
5050,5278,51,2048,
5050,5278,54,2048,
25046,25052,93,3072,
25046,25052,74,3072,
25046,25052,72,3072,
25046,25052,73,3072,
25046,25052,71,3072,
25046,25052,80,3072,
25046,25052,77,3072,
25046,25052,74,3072,
25046,25052,72,3072,
25046,25052,72,3072,
25046,25052,70,3072,
25046,25052,69,3072,
25046,25052,90,3072,
25046,25052,103,3072,
25046,25052,108,3072,
25046,25052,92,3072,
25046,25052,100,3072,
25046,25052,161,3072,
25046,25052,102,3072,
25046,25052,95,3072,
25046,25052,89,3072,
25046,25052,83,3072,
25046,25052,100,3072,
25046,25052,75,3072,
25046,25052,93,3072,
25046,25052,110,3072,
25046,25052,71,3072,
25046,25052,85,3072,
25046,25052,90,3072,
25046,25052,85,3072,
37069,37922,79,4096,
37069,37922,96,4096,
37069,37922,99,4096,
37069,37922,87,4096,
37069,37922,88,4096,
37069,37922,90,4096,
37069,37922,101,4096,
37069,37922,83,4096,
37069,37922,92,4096,
37069,37922,90,4096,
37069,37922,93,4096,
37069,37922,103,4096,
37069,37922,88,4096,
37069,37922,103,4096,
37069,37922,92,4096,
37069,37922,94,4096,
37069,37922,90,4096,
37069,37922,83,4096,
37069,37922,83,4096,
37069,37922,87,4096,
37069,37922,81,4096,
37069,37922,81,4096,
37069,37922,113,4096,
37069,37922,105,4096,
37069,37922,80,4096,
37069,37922,82,4096,
37069,37922,87,4096,
37069,37922,80,4096,
37069,37922,99,4096,
37069,37922,108,4096,
49288,50272,161,5120,
49288,50272,113,5120,
49288,50272,126,5120,
49288,50272,115,5120,
49288,50272,112,5120,
49288,50272,94,5120,
49288,50272,115,5120,
49288,50272,108,5120,
49288,50272,116,5120,
49288,50272,90,5120,
49288,50272,86,5120,
49288,50272,93,5120,
49288,50272,88,5120,
49288,50272,99,5120,
49288,50272,120,5120,
49288,50272,121,5120,
49288,50272,123,5120,
49288,50272,96,5120,
49288,50272,100,5120,
49288,50272,127,5120,
49288,50272,104,5120,
49288,50272,90,5120,
49288,50272,102,5120,
49288,50272,109,5120,
49288,50272,109,5120,
49288,50272,99,5120,
49288,50272,83,5120,
49288,50272,102,5120,
49288,50272,95,5120,
49288,50272,110,5120,
178208,100000,171,14336,
178208,100000,174,15360,
178208,100000,159,14336,
178208,100000,158,15360,
178208,100000,160,14336,
178208,100000,147,15360,
178208,100000,141,15360,
178208,100000,147,15360,
178208,100000,183,14336,
178208,100000,157,15360,
178208,100000,154,15360,
178208,100000,146,15360,
178208,100000,151,14336,
178208,100000,143,15360,
178208,100000,179,15360,
178208,100000,285,14336,
178208,100000,186,15360,
178208,100000,149,14336,
178208,100000,165,14336,
178208,100000,141,15360,
178208,100000,178,14336,
178208,100000,151,14336,
178208,100000,147,14336,
178208,100000,182,15360,
178208,100000,155,15360,
178208,100000,167,15360,
178208,100000,174,15360,
178208,100000,160,15360,
178208,100000,140,15360,
178208,100000,161,14336,
255192,100000,257,3103,
255192,100000,202,3103,
255192,100000,176,3098,
255192,100000,189,3103,
255192,100000,184,3098,
255192,100000,181,3103,
255192,100000,176,3098,
255192,100000,201,3109,
255192,100000,231,3103,
255192,100000,179,3103,
255192,100000,186,2085,
255192,100000,175,3103,
255192,100000,187,3103,
255192,100000,190,3109,
255192,100000,203,3103,
255192,100000,192,3103,
255192,100000,176,3103,
255192,100000,189,3103,
255192,100000,182,3103,
255192,100000,258,3109,
255192,100000,181,3109,
255192,100000,175,3109,
255192,100000,188,3098,
255192,100000,174,3103,
255192,100000,179,3109,
255192,100000,183,3109,
255192,100000,199,3109,
255192,100000,208,3103,
255192,100000,179,3106,
255192,100000,204,3098,
568294,100000,637,93897,
568294,100000,468,95956,
568294,100000,472,94871,
568294,100000,485,94864,
568294,100000,449,94874,
568294,100000,457,95200,
568294,100000,461,94871,
568294,100000,495,94865,
568294,100000,438,94876,
568294,100000,449,95892,
568294,100000,440,95199,
568294,100000,449,94867,
568294,100000,448,94880,
568294,100000,446,94861,
568294,100000,443,94229,
568294,100000,451,94870,
568294,100000,466,94866,
568294,100000,448,94876,
568294,100000,448,94882,
568294,100000,464,94864,
568294,100000,443,95197,
568294,100000,443,95221,
568294,100000,445,94921,
568294,100000,457,94927,
568294,100000,443,94872,
568294,100000,438,94863,
568294,100000,450,94869,
568294,100000,445,94961,
568294,100000,485,95242,
568294,100000,460,93842,
794360,100000,990,53934,
794360,100000,967,54104,
794360,100000,947,53997,
794360,100000,952,53096,
794360,100000,949,54128,
794360,100000,953,53962,
794360,100000,960,54047,
794360,100000,946,54078,
794360,100000,943,55160,
794360,100000,949,54066,
794360,100000,942,54121,
794360,100000,951,54166,
794360,100000,962,69355,
794360,100000,951,54171,
794360,100000,1096,54119,
794360,100000,948,53926,
794360,100000,950,54087,
794360,100000,944,53105,
794360,100000,948,54020,
794360,100000,948,53962,
794360,100000,943,53972,
794360,100000,952,53991,
794360,100000,963,54093,
794360,100000,955,54125,
794360,100000,954,54140,
794360,100000,957,54074,
794360,100000,943,54128,
794360,100000,942,54148,
794360,100000,949,54070,
794360,100000,936,54142,